0.000000 	 0.000000 	 0.000000 	 0.000000 	 0.000000 	 0.000000 	 0.000000 	 0.000000 	 0.000000 	 0.000000 	 0.000000 	 0.000000 	 0.000000 	 12:37:24.000 p. m. 07/01/2020 
0.000000 	 0.000000 	 0.000000 	 0.000000 	 0.000000 	 0.000000 	 0.000000 	 0.000000 	 0.000000 	 0.000000 	 0.000000 	 0.000000 	 0.000000 	 12:37:24.043 p. m. 07/01/2020 
0.000000 	 0.000000 	 0.000000 	 0.000000 	 0.000000 	 0.000000 	 0.000000 	 0.000000 	 0.000000 	 0.000000 	 0.000000 	 0.000000 	 0.000000 	 12:37:24.060 p. m. 07/01/2020 
0.000000 	 0.000000 	 0.000000 	 0.000000 	 0.000000 	 0.000000 	 0.000000 	 0.000000 	 0.000000 	 0.000000 	 0.000000 	 0.000000 	 0.000000 	 12:37:24.073 p. m. 07/01/2020 
0.000000 	 0.000000 	 0.000000 	 0.000000 	 0.000000 	 0.000000 	 0.000000 	 0.000000 	 0.000000 	 0.000000 	 0.000000 	 0.000000 	 0.000000 	 12:37:25.813 p. m. 07/01/2020 
0.000000 	 0.000000 	 0.000000 	 0.000000 	 0.000000 	 0.000000 	 0.000000 	 0.000000 	 0.000000 	 0.000000 	 0.000000 	 0.000000 	 0.000000 	 12:37:25.903 p. m. 07/01/2020 
0.000000 	 0.000000 	 0.000000 	 0.000000 	 0.000000 	 0.000000 	 0.000000 	 0.000000 	 0.000000 	 0.000000 	 0.000000 	 0.000000 	 0.000000 	 12:37:25.989 p. m. 07/01/2020 
0.000000 	 0.000000 	 0.000000 	 0.000000 	 0.000000 	 0.000000 	 0.000000 	 0.000000 	 0.000000 	 0.000000 	 0.000000 	 0.000000 	 0.000000 	 12:37:26.079 p. m. 07/01/2020 
0.000000 	 0.000000 	 0.000000 	 0.000000 	 0.000000 	 0.000000 	 0.000000 	 0.000000 	 0.000000 	 0.000000 	 0.000000 	 0.000000 	 0.000000 	 12:37:26.170 p. m. 07/01/2020 
0.000000 	 0.000000 	 0.000000 	 0.000000 	 0.000000 	 0.000000 	 0.000000 	 0.000000 	 0.000000 	 0.000000 	 0.000000 	 0.000000 	 0.000000 	 12:37:26.259 p. m. 07/01/2020 
0.000000 	 0.000000 	 0.000000 	 0.000000 	 0.000000 	 0.000000 	 0.000000 	 0.000000 	 0.000000 	 0.000000 	 0.000000 	 0.000000 	 0.000000 	 12:37:26.349 p. m. 07/01/2020 
0.000000 	 0.000000 	 0.000000 	 0.000000 	 0.000000 	 0.000000 	 0.000000 	 0.000000 	 0.000000 	 0.000000 	 0.000000 	 0.000000 	 0.000000 	 12:37:26.441 p. m. 07/01/2020 
0.000000 	 0.000000 	 0.000000 	 0.000000 	 0.000000 	 0.000000 	 0.000000 	 0.000000 	 0.000000 	 0.000000 	 0.000000 	 0.000000 	 0.000000 	 12:37:26.531 p. m. 07/01/2020 
0.000000 	 0.000000 	 0.000000 	 0.000000 	 0.000000 	 0.000000 	 0.000000 	 0.000000 	 0.000000 	 0.000000 	 0.000000 	 0.000000 	 0.000000 	 12:37:26.625 p. m. 07/01/2020 
0.000000 	 0.000000 	 0.000000 	 0.000000 	 0.000000 	 0.000000 	 0.000000 	 0.000000 	 0.000000 	 0.000000 	 0.000000 	 0.000000 	 0.000000 	 12:37:26.715 p. m. 07/01/2020 
0.000000 	 0.000000 	 0.000000 	 0.000000 	 0.000000 	 0.000000 	 0.000000 	 0.000000 	 0.000000 	 0.000000 	 0.000000 	 0.000000 	 0.000000 	 12:37:26.805 p. m. 07/01/2020 
0.000000 	 0.000000 	 0.000000 	 0.000000 	 0.000000 	 0.000000 	 0.000000 	 0.000000 	 0.000000 	 0.000000 	 0.000000 	 0.000000 	 0.000000 	 12:37:26.894 p. m. 07/01/2020 
0.000000 	 0.000000 	 0.000000 	 0.000000 	 0.000000 	 0.000000 	 0.000000 	 0.000000 	 0.000000 	 0.000000 	 0.000000 	 0.000000 	 0.000000 	 12:37:26.984 p. m. 07/01/2020 
0.000000 	 0.000000 	 0.000000 	 0.000000 	 0.000000 	 0.000000 	 0.000000 	 0.000000 	 0.000000 	 0.000000 	 0.000000 	 0.000000 	 0.000000 	 12:37:27.075 p. m. 07/01/2020 
0.000000 	 0.000000 	 0.000000 	 0.000000 	 0.000000 	 0.000000 	 0.000000 	 0.000000 	 0.000000 	 0.000000 	 0.000000 	 0.000000 	 0.000000 	 12:37:27.161 p. m. 07/01/2020 
0.000000 	 0.000000 	 0.000000 	 0.000000 	 0.000000 	 0.000000 	 0.000000 	 0.000000 	 0.000000 	 0.000000 	 0.000000 	 0.000000 	 0.000000 	 12:37:27.255 p. m. 07/01/2020 
0.000000 	 0.000000 	 0.000000 	 0.000000 	 0.000000 	 0.000000 	 0.000000 	 0.000000 	 0.000000 	 0.000000 	 0.000000 	 0.000000 	 0.000000 	 12:37:27.341 p. m. 07/01/2020 
0.000000 	 0.000000 	 0.000000 	 0.000000 	 0.000000 	 0.000000 	 0.000000 	 0.000000 	 0.000000 	 0.000000 	 0.000000 	 0.000000 	 0.000000 	 12:37:27.433 p. m. 07/01/2020 
0.000000 	 0.000000 	 0.000000 	 0.000000 	 0.000000 	 0.000000 	 0.000000 	 0.000000 	 0.000000 	 0.000000 	 0.000000 	 0.000000 	 0.000000 	 12:37:27.526 p. m. 07/01/2020 
0.000000 	 0.000000 	 0.000000 	 0.000000 	 0.000000 	 0.000000 	 0.000000 	 0.000000 	 0.000000 	 0.000000 	 0.000000 	 0.000000 	 0.000000 	 12:37:27.614 p. m. 07/01/2020 
0.000000 	 0.000000 	 0.000000 	 0.000000 	 0.000000 	 0.000000 	 0.000000 	 0.000000 	 0.000000 	 0.000000 	 0.000000 	 0.000000 	 0.000000 	 12:37:27.707 p. m. 07/01/2020 
0.000000 	 0.000000 	 0.000000 	 0.000000 	 0.000000 	 0.000000 	 0.000000 	 0.000000 	 0.000000 	 0.000000 	 0.000000 	 0.000000 	 0.000000 	 12:37:27.795 p. m. 07/01/2020 
0.000000 	 0.000000 	 0.000000 	 0.000000 	 0.000000 	 0.000000 	 0.000000 	 0.000000 	 0.000000 	 0.000000 	 0.000000 	 0.000000 	 0.000000 	 12:37:27.883 p. m. 07/01/2020 
0.000000 	 0.000000 	 0.000000 	 0.000000 	 0.000000 	 0.000000 	 0.000000 	 0.000000 	 0.000000 	 0.000000 	 0.000000 	 0.000000 	 0.000000 	 12:37:27.973 p. m. 07/01/2020 
0.000000 	 0.000000 	 0.000000 	 0.000000 	 0.000000 	 0.000000 	 0.000000 	 0.000000 	 0.000000 	 0.000000 	 0.000000 	 0.000000 	 0.000000 	 12:37:28.062 p. m. 07/01/2020 
0.000000 	 0.000000 	 0.000000 	 0.000000 	 0.000000 	 0.000000 	 0.000000 	 0.000000 	 0.000000 	 0.000000 	 0.000000 	 0.000000 	 0.000000 	 12:37:28.152 p. m. 07/01/2020 
0.000000 	 0.000000 	 0.000000 	 0.000000 	 0.000000 	 0.000000 	 0.000000 	 0.000000 	 0.000000 	 0.000000 	 0.000000 	 0.000000 	 0.000000 	 12:37:28.244 p. m. 07/01/2020 
0.000000 	 0.000000 	 0.000000 	 0.000000 	 0.000000 	 0.000000 	 0.000000 	 0.000000 	 0.000000 	 0.000000 	 0.000000 	 0.000000 	 0.000000 	 12:37:28.332 p. m. 07/01/2020 
0.000000 	 0.000000 	 0.000000 	 0.000000 	 0.000000 	 0.000000 	 0.000000 	 0.000000 	 0.000000 	 0.000000 	 0.000000 	 0.000000 	 0.000000 	 12:37:28.422 p. m. 07/01/2020 
0.000000 	 0.000000 	 0.000000 	 0.000000 	 0.000000 	 0.000000 	 0.000000 	 0.000000 	 0.000000 	 0.000000 	 0.000000 	 0.000000 	 0.000000 	 12:37:28.513 p. m. 07/01/2020 
0.000000 	 0.000000 	 0.000000 	 0.000000 	 0.000000 	 0.000000 	 0.000000 	 0.000000 	 0.000000 	 0.000000 	 0.000000 	 0.000000 	 0.000000 	 12:37:28.603 p. m. 07/01/2020 
0.000000 	 0.000000 	 0.000000 	 0.000000 	 0.000000 	 0.000000 	 0.000000 	 0.000000 	 0.000000 	 0.000000 	 0.000000 	 0.000000 	 0.000000 	 12:37:28.692 p. m. 07/01/2020 
0.000000 	 0.000000 	 0.000000 	 0.000000 	 0.000000 	 0.000000 	 0.000000 	 0.000000 	 0.000000 	 0.000000 	 0.000000 	 0.000000 	 0.000000 	 12:37:28.786 p. m. 07/01/2020 
0.000000 	 0.000000 	 0.000000 	 0.000000 	 0.000000 	 0.000000 	 0.000000 	 0.000000 	 0.000000 	 0.000000 	 0.000000 	 0.000000 	 0.000000 	 12:37:28.877 p. m. 07/01/2020 
0.000000 	 0.000000 	 0.000000 	 0.000000 	 0.000000 	 0.000000 	 0.000000 	 0.000000 	 0.000000 	 0.000000 	 0.000000 	 0.000000 	 0.000000 	 12:37:28.965 p. m. 07/01/2020 
0.000000 	 0.000000 	 0.000000 	 0.000000 	 0.000000 	 0.000000 	 0.000000 	 0.000000 	 0.000000 	 0.000000 	 0.000000 	 0.000000 	 0.000000 	 12:37:29.058 p. m. 07/01/2020 
0.000000 	 0.000000 	 0.000000 	 0.000000 	 0.000000 	 0.000000 	 0.000000 	 0.000000 	 0.000000 	 0.000000 	 0.000000 	 0.000000 	 0.000000 	 12:37:29.149 p. m. 07/01/2020 
0.000000 	 0.000000 	 0.000000 	 0.000000 	 0.000000 	 0.000000 	 0.000000 	 0.000000 	 0.000000 	 0.000000 	 0.000000 	 0.000000 	 0.000000 	 12:37:29.235 p. m. 07/01/2020 
0.000000 	 0.000000 	 0.000000 	 0.000000 	 0.000000 	 0.000000 	 0.000000 	 0.000000 	 0.000000 	 0.000000 	 0.000000 	 0.000000 	 0.000000 	 12:37:29.325 p. m. 07/01/2020 
0.000000 	 0.000000 	 0.000000 	 0.000000 	 0.000000 	 0.000000 	 0.000000 	 0.000000 	 0.000000 	 0.000000 	 0.000000 	 0.000000 	 0.000000 	 12:37:29.418 p. m. 07/01/2020 
0.000000 	 0.000000 	 0.000000 	 0.000000 	 0.000000 	 0.000000 	 0.000000 	 0.000000 	 0.000000 	 0.000000 	 0.000000 	 0.000000 	 0.000000 	 12:37:29.504 p. m. 07/01/2020 
0.000000 	 0.000000 	 0.000000 	 0.000000 	 0.000000 	 0.000000 	 0.000000 	 0.000000 	 0.000000 	 0.000000 	 0.000000 	 0.000000 	 0.000000 	 12:37:29.594 p. m. 07/01/2020 
0.000000 	 0.000000 	 0.000000 	 0.000000 	 0.000000 	 0.000000 	 0.000000 	 0.000000 	 0.000000 	 0.000000 	 0.000000 	 0.000000 	 0.000000 	 12:37:29.688 p. m. 07/01/2020 
0.000000 	 0.000000 	 0.000000 	 0.000000 	 0.000000 	 0.000000 	 0.000000 	 0.000000 	 0.000000 	 0.000000 	 0.000000 	 0.000000 	 0.000000 	 12:37:29.774 p. m. 07/01/2020 
0.000000 	 0.000000 	 0.000000 	 0.000000 	 0.000000 	 0.000000 	 0.000000 	 0.000000 	 0.000000 	 0.000000 	 0.000000 	 0.000000 	 0.000000 	 12:37:29.869 p. m. 07/01/2020 
0.000000 	 0.000000 	 0.000000 	 0.000000 	 0.000000 	 0.000000 	 0.000000 	 0.000000 	 0.000000 	 0.000000 	 0.000000 	 0.000000 	 0.000000 	 12:37:29.958 p. m. 07/01/2020 
0.000000 	 0.000000 	 0.000000 	 0.000000 	 0.000000 	 0.000000 	 0.000000 	 0.000000 	 0.000000 	 0.000000 	 0.000000 	 0.000000 	 0.000000 	 12:37:30.048 p. m. 07/01/2020 
0.000000 	 0.000000 	 0.000000 	 0.000000 	 0.000000 	 0.000000 	 0.000000 	 0.000000 	 0.000000 	 0.000000 	 0.000000 	 0.000000 	 0.000000 	 12:37:30.134 p. m. 07/01/2020 
0.000000 	 0.000000 	 0.000000 	 0.000000 	 0.000000 	 0.000000 	 0.000000 	 0.000000 	 0.000000 	 0.000000 	 0.000000 	 0.000000 	 0.000000 	 12:37:30.225 p. m. 07/01/2020 
0.000000 	 0.000000 	 0.000000 	 0.000000 	 0.000000 	 0.000000 	 0.000000 	 0.000000 	 0.000000 	 0.000000 	 0.000000 	 0.000000 	 0.000000 	 12:37:30.320 p. m. 07/01/2020 
0.000000 	 0.000000 	 0.000000 	 0.000000 	 0.000000 	 0.000000 	 0.000000 	 0.000000 	 0.000000 	 0.000000 	 0.000000 	 0.000000 	 0.000000 	 12:37:30.410 p. m. 07/01/2020 
0.000000 	 0.000000 	 0.000000 	 0.000000 	 0.000000 	 0.000000 	 0.000000 	 0.000000 	 0.000000 	 0.000000 	 0.000000 	 0.000000 	 0.000000 	 12:37:30.496 p. m. 07/01/2020 
0.000000 	 0.000000 	 0.000000 	 0.000000 	 0.000000 	 0.000000 	 0.000000 	 0.000000 	 0.000000 	 0.000000 	 0.000000 	 0.000000 	 0.000000 	 12:37:30.586 p. m. 07/01/2020 
0.000000 	 0.000000 	 0.000000 	 0.000000 	 0.000000 	 0.000000 	 0.000000 	 0.000000 	 0.000000 	 0.000000 	 0.000000 	 0.000000 	 0.000000 	 12:37:30.680 p. m. 07/01/2020 
0.000000 	 0.000000 	 0.000000 	 0.000000 	 0.000000 	 0.000000 	 0.000000 	 0.000000 	 0.000000 	 0.000000 	 0.000000 	 0.000000 	 0.000000 	 12:37:30.769 p. m. 07/01/2020 
0.000000 	 0.000000 	 0.000000 	 0.000000 	 0.000000 	 0.000000 	 0.000000 	 0.000000 	 0.000000 	 0.000000 	 0.000000 	 0.000000 	 0.000000 	 12:37:30.859 p. m. 07/01/2020 
0.000000 	 0.000000 	 0.000000 	 0.000000 	 0.000000 	 0.000000 	 0.000000 	 0.000000 	 0.000000 	 0.000000 	 0.000000 	 0.000000 	 0.000000 	 12:37:30.945 p. m. 07/01/2020 
0.000000 	 0.000000 	 0.000000 	 0.000000 	 0.000000 	 0.000000 	 0.000000 	 0.000000 	 0.000000 	 0.000000 	 0.000000 	 0.000000 	 0.000000 	 12:37:31.037 p. m. 07/01/2020 
0.000000 	 0.000000 	 0.000000 	 0.000000 	 0.000000 	 0.000000 	 0.000000 	 0.000000 	 0.000000 	 0.000000 	 0.000000 	 0.000000 	 0.000000 	 12:37:31.126 p. m. 07/01/2020 
0.000000 	 0.000000 	 0.000000 	 0.000000 	 0.000000 	 0.000000 	 0.000000 	 0.000000 	 0.000000 	 0.000000 	 0.000000 	 0.000000 	 0.000000 	 12:37:31.216 p. m. 07/01/2020 
0.000000 	 0.000000 	 0.000000 	 0.000000 	 0.000000 	 0.000000 	 0.000000 	 0.000000 	 0.000000 	 0.000000 	 0.000000 	 0.000000 	 0.000000 	 12:37:31.307 p. m. 07/01/2020 
0.000000 	 0.000000 	 0.000000 	 0.000000 	 0.000000 	 0.000000 	 0.000000 	 0.000000 	 0.000000 	 0.000000 	 0.000000 	 0.000000 	 0.000000 	 12:37:31.400 p. m. 07/01/2020 
0.000000 	 0.000000 	 0.000000 	 0.000000 	 0.000000 	 0.000000 	 0.000000 	 0.000000 	 0.000000 	 0.000000 	 0.000000 	 0.000000 	 0.000000 	 12:37:31.488 p. m. 07/01/2020 
0.000000 	 0.000000 	 0.000000 	 0.000000 	 0.000000 	 0.000000 	 0.000000 	 0.000000 	 0.000000 	 0.000000 	 0.000000 	 0.000000 	 0.000000 	 12:37:31.581 p. m. 07/01/2020 
0.000000 	 0.000000 	 0.000000 	 0.000000 	 0.000000 	 0.000000 	 0.000000 	 0.000000 	 0.000000 	 0.000000 	 0.000000 	 0.000000 	 0.000000 	 12:37:31.671 p. m. 07/01/2020 
0.000000 	 0.000000 	 0.000000 	 0.000000 	 0.000000 	 0.000000 	 0.000000 	 0.000000 	 0.000000 	 0.000000 	 0.000000 	 0.000000 	 0.000000 	 12:37:31.762 p. m. 07/01/2020 
0.000000 	 0.000000 	 0.000000 	 0.000000 	 0.000000 	 0.000000 	 0.000000 	 0.000000 	 0.000000 	 0.000000 	 0.000000 	 0.000000 	 0.000000 	 12:37:31.852 p. m. 07/01/2020 
0.000000 	 0.000000 	 0.000000 	 0.000000 	 0.000000 	 0.000000 	 0.000000 	 0.000000 	 0.000000 	 0.000000 	 0.000000 	 0.000000 	 0.000000 	 12:37:31.937 p. m. 07/01/2020 
0.000000 	 0.000000 	 0.000000 	 0.000000 	 0.000000 	 0.000000 	 0.000000 	 0.000000 	 0.000000 	 0.000000 	 0.000000 	 0.000000 	 0.000000 	 12:37:32.027 p. m. 07/01/2020 
0.000000 	 0.000000 	 0.000000 	 0.000000 	 0.000000 	 0.000000 	 0.000000 	 0.000000 	 0.000000 	 0.000000 	 0.000000 	 0.000000 	 0.000000 	 12:37:32.118 p. m. 07/01/2020 
0.000000 	 0.000000 	 0.000000 	 0.000000 	 0.000000 	 0.000000 	 0.000000 	 0.000000 	 0.000000 	 0.000000 	 0.000000 	 0.000000 	 0.000000 	 12:37:32.207 p. m. 07/01/2020 
0.000000 	 0.000000 	 0.000000 	 0.000000 	 0.000000 	 0.000000 	 0.000000 	 0.000000 	 0.000000 	 0.000000 	 0.000000 	 0.000000 	 0.000000 	 12:37:32.298 p. m. 07/01/2020 
0.000000 	 0.000000 	 0.000000 	 0.000000 	 0.000000 	 0.000000 	 0.000000 	 0.000000 	 0.000000 	 0.000000 	 0.000000 	 0.000000 	 0.000000 	 12:37:32.391 p. m. 07/01/2020 
0.000000 	 0.000000 	 0.000000 	 0.000000 	 0.000000 	 0.000000 	 0.000000 	 0.000000 	 0.000000 	 0.000000 	 0.000000 	 0.000000 	 0.000000 	 12:37:32.482 p. m. 07/01/2020 
0.000000 	 0.000000 	 0.000000 	 0.000000 	 0.000000 	 0.000000 	 0.000000 	 0.000000 	 0.000000 	 0.000000 	 0.000000 	 0.000000 	 0.000000 	 12:37:32.571 p. m. 07/01/2020 
0.000000 	 0.000000 	 0.000000 	 0.000000 	 0.000000 	 0.000000 	 0.000000 	 0.000000 	 0.000000 	 0.000000 	 0.000000 	 0.000000 	 0.000000 	 12:37:32.661 p. m. 07/01/2020 
0.000000 	 0.000000 	 0.000000 	 0.000000 	 0.000000 	 0.000000 	 0.000000 	 0.000000 	 0.000000 	 0.000000 	 0.000000 	 0.000000 	 0.000000 	 12:37:32.754 p. m. 07/01/2020 
0.000000 	 0.000000 	 0.000000 	 0.000000 	 0.000000 	 0.000000 	 0.000000 	 0.000000 	 0.000000 	 0.000000 	 0.000000 	 0.000000 	 0.000000 	 12:37:32.842 p. m. 07/01/2020 
0.000000 	 0.000000 	 0.000000 	 0.000000 	 0.000000 	 0.000000 	 0.000000 	 0.000000 	 0.000000 	 0.000000 	 0.000000 	 0.000000 	 0.000000 	 12:37:32.931 p. m. 07/01/2020 
0.000000 	 0.000000 	 0.000000 	 0.000000 	 0.000000 	 0.000000 	 0.000000 	 0.000000 	 0.000000 	 0.000000 	 0.000000 	 0.000000 	 0.000000 	 12:37:33.018 p. m. 07/01/2020 
0.000000 	 0.000000 	 0.000000 	 0.000000 	 0.000000 	 0.000000 	 0.000000 	 0.000000 	 0.000000 	 0.000000 	 0.000000 	 0.000000 	 0.000000 	 12:37:33.108 p. m. 07/01/2020 
0.000000 	 0.000000 	 0.000000 	 0.000000 	 0.000000 	 0.000000 	 0.000000 	 0.000000 	 0.000000 	 0.000000 	 0.000000 	 0.000000 	 0.000000 	 12:37:33.198 p. m. 07/01/2020 
0.000000 	 0.000000 	 0.000000 	 0.000000 	 0.000000 	 0.000000 	 0.000000 	 0.000000 	 0.000000 	 0.000000 	 0.000000 	 0.000000 	 0.000000 	 12:37:33.293 p. m. 07/01/2020 
0.000000 	 0.000000 	 0.000000 	 0.000000 	 0.000000 	 0.000000 	 0.000000 	 0.000000 	 0.000000 	 0.000000 	 0.000000 	 0.000000 	 0.000000 	 12:37:33.379 p. m. 07/01/2020 
0.000000 	 0.000000 	 0.000000 	 0.000000 	 0.000000 	 0.000000 	 0.000000 	 0.000000 	 0.000000 	 0.000000 	 0.000000 	 0.000000 	 0.000000 	 12:37:33.469 p. m. 07/01/2020 
0.000000 	 0.000000 	 0.000000 	 0.000000 	 0.000000 	 0.000000 	 0.000000 	 0.000000 	 0.000000 	 0.000000 	 0.000000 	 0.000000 	 0.000000 	 12:37:33.564 p. m. 07/01/2020 
0.000000 	 0.000000 	 0.000000 	 0.000000 	 0.000000 	 0.000000 	 0.000000 	 0.000000 	 0.000000 	 0.000000 	 0.000000 	 0.000000 	 0.000000 	 12:37:33.653 p. m. 07/01/2020 
0.000000 	 0.000000 	 0.000000 	 0.000000 	 0.000000 	 0.000000 	 0.000000 	 0.000000 	 0.000000 	 0.000000 	 0.000000 	 0.000000 	 0.000000 	 12:37:33.739 p. m. 07/01/2020 
0.000000 	 0.000000 	 0.000000 	 0.000000 	 0.000000 	 0.000000 	 0.000000 	 0.000000 	 0.000000 	 0.000000 	 0.000000 	 0.000000 	 0.000000 	 12:37:33.833 p. m. 07/01/2020 
0.000000 	 0.000000 	 0.000000 	 0.000000 	 0.000000 	 0.000000 	 0.000000 	 0.000000 	 0.000000 	 0.000000 	 0.000000 	 0.000000 	 0.000000 	 12:37:33.923 p. m. 07/01/2020 
0.000000 	 0.000000 	 0.000000 	 0.000000 	 0.000000 	 0.000000 	 0.000000 	 0.000000 	 0.000000 	 0.000000 	 0.000000 	 0.000000 	 0.000000 	 12:37:34.014 p. m. 07/01/2020 
0.000000 	 0.000000 	 0.000000 	 0.000000 	 0.000000 	 0.000000 	 0.000000 	 0.000000 	 0.000000 	 0.000000 	 0.000000 	 0.000000 	 0.000000 	 12:37:34.103 p. m. 07/01/2020 
0.000000 	 0.000000 	 0.000000 	 0.000000 	 0.000000 	 0.000000 	 0.000000 	 0.000000 	 0.000000 	 0.000000 	 0.000000 	 0.000000 	 0.000000 	 12:37:34.195 p. m. 07/01/2020 
0.000000 	 0.000000 	 0.000000 	 0.000000 	 0.000000 	 0.000000 	 0.000000 	 0.000000 	 0.000000 	 0.000000 	 0.000000 	 0.000000 	 0.000000 	 12:37:34.285 p. m. 07/01/2020 
0.000000 	 0.000000 	 0.000000 	 0.000000 	 0.000000 	 0.000000 	 0.000000 	 0.000000 	 0.000000 	 0.000000 	 0.000000 	 0.000000 	 0.000000 	 12:37:34.371 p. m. 07/01/2020 
0.000000 	 0.000000 	 0.000000 	 0.000000 	 0.000000 	 0.000000 	 0.000000 	 0.000000 	 0.000000 	 0.000000 	 0.000000 	 0.000000 	 0.000000 	 12:37:34.464 p. m. 07/01/2020 
0.000000 	 0.000000 	 0.000000 	 0.000000 	 0.000000 	 0.000000 	 0.000000 	 0.000000 	 0.000000 	 0.000000 	 0.000000 	 0.000000 	 0.000000 	 12:37:34.551 p. m. 07/01/2020 
0.000000 	 0.000000 	 0.000000 	 0.000000 	 0.000000 	 0.000000 	 0.000000 	 0.000000 	 0.000000 	 0.000000 	 0.000000 	 0.000000 	 0.000000 	 12:37:34.641 p. m. 07/01/2020 
0.000000 	 0.000000 	 0.000000 	 0.000000 	 0.000000 	 0.000000 	 0.000000 	 0.000000 	 0.000000 	 0.000000 	 0.000000 	 0.000000 	 0.000000 	 12:37:34.735 p. m. 07/01/2020 
0.000000 	 0.000000 	 0.000000 	 0.000000 	 0.000000 	 0.000000 	 0.000000 	 0.000000 	 0.000000 	 0.000000 	 0.000000 	 0.000000 	 0.000000 	 12:37:34.821 p. m. 07/01/2020 
0.000000 	 0.000000 	 0.000000 	 0.000000 	 0.000000 	 0.000000 	 0.000000 	 0.000000 	 0.000000 	 0.000000 	 0.000000 	 0.000000 	 0.000000 	 12:37:34.914 p. m. 07/01/2020 
0.000000 	 0.000000 	 0.000000 	 0.000000 	 0.000000 	 0.000000 	 0.000000 	 0.000000 	 0.000000 	 0.000000 	 0.000000 	 0.000000 	 0.000000 	 12:37:35.001 p. m. 07/01/2020 
0.000000 	 0.000000 	 0.000000 	 0.000000 	 0.000000 	 0.000000 	 0.000000 	 0.000000 	 0.000000 	 0.000000 	 0.000000 	 0.000000 	 0.000000 	 12:37:35.091 p. m. 07/01/2020 
0.000000 	 0.000000 	 0.000000 	 0.000000 	 0.000000 	 0.000000 	 0.000000 	 0.000000 	 0.000000 	 0.000000 	 0.000000 	 0.000000 	 0.000000 	 12:37:35.181 p. m. 07/01/2020 
0.000000 	 0.000000 	 0.000000 	 0.000000 	 0.000000 	 0.000000 	 0.000000 	 0.000000 	 0.000000 	 0.000000 	 0.000000 	 0.000000 	 0.000000 	 12:37:35.271 p. m. 07/01/2020 
0.000000 	 0.000000 	 0.000000 	 0.000000 	 0.000000 	 0.000000 	 0.000000 	 0.000000 	 0.000000 	 0.000000 	 0.000000 	 0.000000 	 0.000000 	 12:37:35.363 p. m. 07/01/2020 
0.000000 	 0.000000 	 0.000000 	 0.000000 	 0.000000 	 0.000000 	 0.000000 	 0.000000 	 0.000000 	 0.000000 	 0.000000 	 0.000000 	 0.000000 	 12:37:35.453 p. m. 07/01/2020 
0.000000 	 0.000000 	 0.000000 	 0.000000 	 0.000000 	 0.000000 	 0.000000 	 0.000000 	 0.000000 	 0.000000 	 0.000000 	 0.000000 	 0.000000 	 12:37:35.543 p. m. 07/01/2020 
0.000000 	 0.000000 	 0.000000 	 0.000000 	 0.000000 	 0.000000 	 0.000000 	 0.000000 	 0.000000 	 0.000000 	 0.000000 	 0.000000 	 0.000000 	 12:37:35.633 p. m. 07/01/2020 
0.000000 	 0.000000 	 0.000000 	 0.000000 	 0.000000 	 0.000000 	 0.000000 	 0.000000 	 0.000000 	 0.000000 	 0.000000 	 0.000000 	 0.000000 	 12:37:35.727 p. m. 07/01/2020 
0.000000 	 0.000000 	 0.000000 	 0.000000 	 0.000000 	 0.000000 	 0.000000 	 0.000000 	 0.000000 	 0.000000 	 0.000000 	 0.000000 	 0.000000 	 12:37:35.816 p. m. 07/01/2020 
0.000000 	 0.000000 	 0.000000 	 0.000000 	 0.000000 	 0.000000 	 0.000000 	 0.000000 	 0.000000 	 0.000000 	 0.000000 	 0.000000 	 0.000000 	 12:37:35.907 p. m. 07/01/2020 
0.000000 	 0.000000 	 0.000000 	 0.000000 	 0.000000 	 0.000000 	 0.000000 	 0.000000 	 0.000000 	 0.000000 	 0.000000 	 0.000000 	 0.000000 	 12:37:35.995 p. m. 07/01/2020 
0.000000 	 0.000000 	 0.000000 	 0.000000 	 0.000000 	 0.000000 	 0.000000 	 0.000000 	 0.000000 	 0.000000 	 0.000000 	 0.000000 	 0.000000 	 12:37:36.082 p. m. 07/01/2020 
0.000000 	 0.000000 	 0.000000 	 0.000000 	 0.000000 	 0.000000 	 0.000000 	 0.000000 	 0.000000 	 0.000000 	 0.000000 	 0.000000 	 0.000000 	 12:37:36.173 p. m. 07/01/2020 
0.000000 	 0.000000 	 0.000000 	 0.000000 	 0.000000 	 0.000000 	 0.000000 	 0.000000 	 0.000000 	 0.000000 	 0.000000 	 0.000000 	 0.000000 	 12:37:36.264 p. m. 07/01/2020 
0.000000 	 0.000000 	 0.000000 	 0.000000 	 0.000000 	 0.000000 	 0.000000 	 0.000000 	 0.000000 	 0.000000 	 0.000000 	 0.000000 	 0.000000 	 12:37:36.356 p. m. 07/01/2020 
0.000000 	 0.000000 	 0.000000 	 0.000000 	 0.000000 	 0.000000 	 0.000000 	 0.000000 	 0.000000 	 0.000000 	 0.000000 	 0.000000 	 0.000000 	 12:37:36.446 p. m. 07/01/2020 
0.000000 	 0.000000 	 0.000000 	 0.000000 	 0.000000 	 0.000000 	 0.000000 	 0.000000 	 0.000000 	 0.000000 	 0.000000 	 0.000000 	 0.000000 	 12:37:36.536 p. m. 07/01/2020 
0.000000 	 0.000000 	 0.000000 	 0.000000 	 0.000000 	 0.000000 	 0.000000 	 0.000000 	 0.000000 	 0.000000 	 0.000000 	 0.000000 	 0.000000 	 12:37:36.624 p. m. 07/01/2020 
0.000000 	 0.000000 	 0.000000 	 0.000000 	 0.000000 	 0.000000 	 0.000000 	 0.000000 	 0.000000 	 0.000000 	 0.000000 	 0.000000 	 0.000000 	 12:37:36.717 p. m. 07/01/2020 
0.000000 	 0.000000 	 0.000000 	 0.000000 	 0.000000 	 0.000000 	 0.000000 	 0.000000 	 0.000000 	 0.000000 	 0.000000 	 0.000000 	 0.000000 	 12:37:36.807 p. m. 07/01/2020 
0.000000 	 0.000000 	 0.000000 	 0.000000 	 0.000000 	 0.000000 	 0.000000 	 0.000000 	 0.000000 	 0.000000 	 0.000000 	 0.000000 	 0.000000 	 12:37:36.897 p. m. 07/01/2020 
0.000000 	 0.000000 	 0.000000 	 0.000000 	 0.000000 	 0.000000 	 0.000000 	 0.000000 	 0.000000 	 0.000000 	 0.000000 	 0.000000 	 0.000000 	 12:37:36.989 p. m. 07/01/2020 
0.000000 	 0.000000 	 0.000000 	 0.000000 	 0.000000 	 0.000000 	 0.000000 	 0.000000 	 0.000000 	 0.000000 	 0.000000 	 0.000000 	 0.000000 	 12:37:37.074 p. m. 07/01/2020 
0.000000 	 0.000000 	 0.000000 	 0.000000 	 0.000000 	 0.000000 	 0.000000 	 0.000000 	 0.000000 	 0.000000 	 0.000000 	 0.000000 	 0.000000 	 12:37:37.165 p. m. 07/01/2020 
0.000000 	 0.000000 	 0.000000 	 0.000000 	 0.000000 	 0.000000 	 0.000000 	 0.000000 	 0.000000 	 0.000000 	 0.000000 	 0.000000 	 0.000000 	 12:37:37.253 p. m. 07/01/2020 
0.000000 	 0.000000 	 0.000000 	 0.000000 	 0.000000 	 0.000000 	 0.000000 	 0.000000 	 0.000000 	 0.000000 	 0.000000 	 0.000000 	 0.000000 	 12:37:37.347 p. m. 07/01/2020 
0.000000 	 0.000000 	 0.000000 	 0.000000 	 0.000000 	 0.000000 	 0.000000 	 0.000000 	 0.000000 	 0.000000 	 0.000000 	 0.000000 	 0.000000 	 12:37:37.434 p. m. 07/01/2020 
0.000000 	 0.000000 	 0.000000 	 0.000000 	 0.000000 	 0.000000 	 0.000000 	 0.000000 	 0.000000 	 0.000000 	 0.000000 	 0.000000 	 0.000000 	 12:37:37.528 p. m. 07/01/2020 
0.000000 	 0.000000 	 0.000000 	 0.000000 	 0.000000 	 0.000000 	 0.000000 	 0.000000 	 0.000000 	 0.000000 	 0.000000 	 0.000000 	 0.000000 	 12:37:37.618 p. m. 07/01/2020 
0.000000 	 0.000000 	 0.000000 	 0.000000 	 0.000000 	 0.000000 	 0.000000 	 0.000000 	 0.000000 	 0.000000 	 0.000000 	 0.000000 	 0.000000 	 12:37:37.708 p. m. 07/01/2020 
0.000000 	 0.000000 	 0.000000 	 0.000000 	 0.000000 	 0.000000 	 0.000000 	 0.000000 	 0.000000 	 0.000000 	 0.000000 	 0.000000 	 0.000000 	 12:37:37.798 p. m. 07/01/2020 
0.000000 	 0.000000 	 0.000000 	 0.000000 	 0.000000 	 0.000000 	 0.000000 	 0.000000 	 0.000000 	 0.000000 	 0.000000 	 0.000000 	 0.000000 	 12:37:37.884 p. m. 07/01/2020 
0.000000 	 0.000000 	 0.000000 	 0.000000 	 0.000000 	 0.000000 	 0.000000 	 0.000000 	 0.000000 	 0.000000 	 0.000000 	 0.000000 	 0.000000 	 12:37:37.974 p. m. 07/01/2020 
0.000000 	 0.000000 	 0.000000 	 0.000000 	 0.000000 	 0.000000 	 0.000000 	 0.000000 	 0.000000 	 0.000000 	 0.000000 	 0.000000 	 0.000000 	 12:37:38.071 p. m. 07/01/2020 
0.000000 	 0.000000 	 0.000000 	 0.000000 	 0.000000 	 0.000000 	 0.000000 	 0.000000 	 0.000000 	 0.000000 	 0.000000 	 0.000000 	 0.000000 	 12:37:38.160 p. m. 07/01/2020 
0.000000 	 0.000000 	 0.000000 	 0.000000 	 0.000000 	 0.000000 	 0.000000 	 0.000000 	 0.000000 	 0.000000 	 0.000000 	 0.000000 	 0.000000 	 12:37:38.249 p. m. 07/01/2020 
0.000000 	 0.000000 	 0.000000 	 0.000000 	 0.000000 	 0.000000 	 0.000000 	 0.000000 	 0.000000 	 0.000000 	 0.000000 	 0.000000 	 0.000000 	 12:37:38.335 p. m. 07/01/2020 
0.000000 	 0.000000 	 0.000000 	 0.000000 	 0.000000 	 0.000000 	 0.000000 	 0.000000 	 0.000000 	 0.000000 	 0.000000 	 0.000000 	 0.000000 	 12:37:38.430 p. m. 07/01/2020 
0.000000 	 0.000000 	 0.000000 	 0.000000 	 0.000000 	 0.000000 	 0.000000 	 0.000000 	 0.000000 	 0.000000 	 0.000000 	 0.000000 	 0.000000 	 12:37:38.520 p. m. 07/01/2020 
0.000000 	 0.000000 	 0.000000 	 0.000000 	 0.000000 	 0.000000 	 0.000000 	 0.000000 	 0.000000 	 0.000000 	 0.000000 	 0.000000 	 0.000000 	 12:37:38.606 p. m. 07/01/2020 
0.000000 	 0.000000 	 0.000000 	 0.000000 	 0.000000 	 0.000000 	 0.000000 	 0.000000 	 0.000000 	 0.000000 	 0.000000 	 0.000000 	 0.000000 	 12:37:38.699 p. m. 07/01/2020 
0.000000 	 0.000000 	 0.000000 	 0.000000 	 0.000000 	 0.000000 	 0.000000 	 0.000000 	 0.000000 	 0.000000 	 0.000000 	 0.000000 	 0.000000 	 12:37:38.790 p. m. 07/01/2020 
0.000000 	 0.000000 	 0.000000 	 0.000000 	 0.000000 	 0.000000 	 0.000000 	 0.000000 	 0.000000 	 0.000000 	 0.000000 	 0.000000 	 0.000000 	 12:37:38.879 p. m. 07/01/2020 
0.000000 	 0.000000 	 0.000000 	 0.000000 	 0.000000 	 0.000000 	 0.000000 	 0.000000 	 0.000000 	 0.000000 	 0.000000 	 0.000000 	 0.000000 	 12:37:38.969 p. m. 07/01/2020 
0.000000 	 0.000000 	 0.000000 	 0.000000 	 0.000000 	 0.000000 	 0.000000 	 0.000000 	 0.000000 	 0.000000 	 0.000000 	 0.000000 	 0.000000 	 12:37:39.060 p. m. 07/01/2020 
0.000000 	 0.000000 	 0.000000 	 0.000000 	 0.000000 	 0.000000 	 0.000000 	 0.000000 	 0.000000 	 0.000000 	 0.000000 	 0.000000 	 0.000000 	 12:37:39.146 p. m. 07/01/2020 
0.000000 	 0.000000 	 0.000000 	 0.000000 	 0.000000 	 0.000000 	 0.000000 	 0.000000 	 0.000000 	 0.000000 	 0.000000 	 0.000000 	 0.000000 	 12:37:39.235 p. m. 07/01/2020 
0.000000 	 0.000000 	 0.000000 	 0.000000 	 0.000000 	 0.000000 	 0.000000 	 0.000000 	 0.000000 	 0.000000 	 0.000000 	 0.000000 	 0.000000 	 12:37:39.326 p. m. 07/01/2020 
0.000000 	 0.000000 	 0.000000 	 0.000000 	 0.000000 	 0.000000 	 0.000000 	 0.000000 	 0.000000 	 0.000000 	 0.000000 	 0.000000 	 0.000000 	 12:37:39.420 p. m. 07/01/2020 
0.000000 	 0.000000 	 0.000000 	 0.000000 	 0.000000 	 0.000000 	 0.000000 	 0.000000 	 0.000000 	 0.000000 	 0.000000 	 0.000000 	 0.000000 	 12:37:39.506 p. m. 07/01/2020 
0.000000 	 0.000000 	 0.000000 	 0.000000 	 0.000000 	 0.000000 	 0.000000 	 0.000000 	 0.000000 	 0.000000 	 0.000000 	 0.000000 	 0.000000 	 12:37:39.598 p. m. 07/01/2020 
0.000000 	 0.000000 	 0.000000 	 0.000000 	 0.000000 	 0.000000 	 0.000000 	 0.000000 	 0.000000 	 0.000000 	 0.000000 	 0.000000 	 0.000000 	 12:37:39.692 p. m. 07/01/2020 
0.000000 	 0.000000 	 0.000000 	 0.000000 	 0.000000 	 0.000000 	 0.000000 	 0.000000 	 0.000000 	 0.000000 	 0.000000 	 0.000000 	 0.000000 	 12:37:39.780 p. m. 07/01/2020 
0.000000 	 0.000000 	 0.000000 	 0.000000 	 0.000000 	 0.000000 	 0.000000 	 0.000000 	 0.000000 	 0.000000 	 0.000000 	 0.000000 	 0.000000 	 12:37:39.867 p. m. 07/01/2020 
0.000000 	 0.000000 	 0.000000 	 0.000000 	 0.000000 	 0.000000 	 0.000000 	 0.000000 	 0.000000 	 0.000000 	 0.000000 	 0.000000 	 0.000000 	 12:37:39.957 p. m. 07/01/2020 
0.000000 	 0.000000 	 0.000000 	 0.000000 	 0.000000 	 0.000000 	 0.000000 	 0.000000 	 0.000000 	 0.000000 	 0.000000 	 0.000000 	 0.000000 	 12:37:40.047 p. m. 07/01/2020 
0.000000 	 0.000000 	 0.000000 	 0.000000 	 0.000000 	 0.000000 	 0.000000 	 0.000000 	 0.000000 	 0.000000 	 0.000000 	 0.000000 	 0.000000 	 12:37:40.137 p. m. 07/01/2020 
0.000000 	 0.000000 	 0.000000 	 0.000000 	 0.000000 	 0.000000 	 0.000000 	 0.000000 	 0.000000 	 0.000000 	 0.000000 	 0.000000 	 0.000000 	 12:37:40.227 p. m. 07/01/2020 
0.000000 	 0.000000 	 0.000000 	 0.000000 	 0.000000 	 0.000000 	 0.000000 	 0.000000 	 0.000000 	 0.000000 	 0.000000 	 0.000000 	 0.000000 	 12:37:40.321 p. m. 07/01/2020 
0.000000 	 0.000000 	 0.000000 	 0.000000 	 0.000000 	 0.000000 	 0.000000 	 0.000000 	 0.000000 	 0.000000 	 0.000000 	 0.000000 	 0.000000 	 12:37:40.411 p. m. 07/01/2020 
0.000000 	 0.000000 	 0.000000 	 0.000000 	 0.000000 	 0.000000 	 0.000000 	 0.000000 	 0.000000 	 0.000000 	 0.000000 	 0.000000 	 0.000000 	 12:37:40.499 p. m. 07/01/2020 
0.000000 	 0.000000 	 0.000000 	 0.000000 	 0.000000 	 0.000000 	 0.000000 	 0.000000 	 0.000000 	 0.000000 	 0.000000 	 0.000000 	 0.000000 	 12:37:40.588 p. m. 07/01/2020 
0.000000 	 0.000000 	 0.000000 	 0.000000 	 0.000000 	 0.000000 	 0.000000 	 0.000000 	 0.000000 	 0.000000 	 0.000000 	 0.000000 	 0.000000 	 12:37:40.679 p. m. 07/01/2020 
0.000000 	 0.000000 	 0.000000 	 0.000000 	 0.000000 	 0.000000 	 0.000000 	 0.000000 	 0.000000 	 0.000000 	 0.000000 	 0.000000 	 0.000000 	 12:37:40.769 p. m. 07/01/2020 
0.000000 	 0.000000 	 0.000000 	 0.000000 	 0.000000 	 0.000000 	 0.000000 	 0.000000 	 0.000000 	 0.000000 	 0.000000 	 0.000000 	 0.000000 	 12:37:40.863 p. m. 07/01/2020 
0.000000 	 0.000000 	 0.000000 	 0.000000 	 0.000000 	 0.000000 	 0.000000 	 0.000000 	 0.000000 	 0.000000 	 0.000000 	 0.000000 	 0.000000 	 12:37:40.950 p. m. 07/01/2020 
0.000000 	 0.000000 	 0.000000 	 0.000000 	 0.000000 	 0.000000 	 0.000000 	 0.000000 	 0.000000 	 0.000000 	 0.000000 	 0.000000 	 0.000000 	 12:37:41.042 p. m. 07/01/2020 
0.000000 	 0.000000 	 0.000000 	 0.000000 	 0.000000 	 0.000000 	 0.000000 	 0.000000 	 0.000000 	 0.000000 	 0.000000 	 0.000000 	 0.000000 	 12:37:41.130 p. m. 07/01/2020 
0.000000 	 0.000000 	 0.000000 	 0.000000 	 0.000000 	 0.000000 	 0.000000 	 0.000000 	 0.000000 	 0.000000 	 0.000000 	 0.000000 	 0.000000 	 12:37:41.219 p. m. 07/01/2020 
0.000000 	 0.000000 	 0.000000 	 0.000000 	 0.000000 	 0.000000 	 0.000000 	 0.000000 	 0.000000 	 0.000000 	 0.000000 	 0.000000 	 0.000000 	 12:37:41.309 p. m. 07/01/2020 
0.000000 	 0.000000 	 0.000000 	 0.000000 	 0.000000 	 0.000000 	 0.000000 	 0.000000 	 0.000000 	 0.000000 	 0.000000 	 0.000000 	 0.000000 	 12:37:41.405 p. m. 07/01/2020 
0.000000 	 0.000000 	 0.000000 	 0.000000 	 0.000000 	 0.000000 	 0.000000 	 0.000000 	 0.000000 	 0.000000 	 0.000000 	 0.000000 	 0.000000 	 12:37:41.492 p. m. 07/01/2020 
0.000000 	 0.000000 	 0.000000 	 0.000000 	 0.000000 	 0.000000 	 0.000000 	 0.000000 	 0.000000 	 0.000000 	 0.000000 	 0.000000 	 0.000000 	 12:37:41.585 p. m. 07/01/2020 
0.000000 	 0.000000 	 0.000000 	 0.000000 	 0.000000 	 0.000000 	 0.000000 	 0.000000 	 0.000000 	 0.000000 	 0.000000 	 0.000000 	 0.000000 	 12:37:41.673 p. m. 07/01/2020 
0.000000 	 0.000000 	 0.000000 	 0.000000 	 0.000000 	 0.000000 	 0.000000 	 0.000000 	 0.000000 	 0.000000 	 0.000000 	 0.000000 	 0.000000 	 12:37:41.759 p. m. 07/01/2020 
0.000000 	 0.000000 	 0.000000 	 0.000000 	 0.000000 	 0.000000 	 0.000000 	 0.000000 	 0.000000 	 0.000000 	 0.000000 	 0.000000 	 0.000000 	 12:37:41.849 p. m. 07/01/2020 
0.000000 	 0.000000 	 0.000000 	 0.000000 	 0.000000 	 0.000000 	 0.000000 	 0.000000 	 0.000000 	 0.000000 	 0.000000 	 0.000000 	 0.000000 	 12:37:41.943 p. m. 07/01/2020 
0.000000 	 0.000000 	 0.000000 	 0.000000 	 0.000000 	 0.000000 	 0.000000 	 0.000000 	 0.000000 	 0.000000 	 0.000000 	 0.000000 	 0.000000 	 12:37:42.030 p. m. 07/01/2020 
0.000000 	 0.000000 	 0.000000 	 0.000000 	 0.000000 	 0.000000 	 0.000000 	 0.000000 	 0.000000 	 0.000000 	 0.000000 	 0.000000 	 0.000000 	 12:37:42.126 p. m. 07/01/2020 
0.000000 	 0.000000 	 0.000000 	 0.000000 	 0.000000 	 0.000000 	 0.000000 	 0.000000 	 0.000000 	 0.000000 	 0.000000 	 0.000000 	 0.000000 	 12:37:42.214 p. m. 07/01/2020 
0.000000 	 0.000000 	 0.000000 	 0.000000 	 0.000000 	 0.000000 	 0.000000 	 0.000000 	 0.000000 	 0.000000 	 0.000000 	 0.000000 	 0.000000 	 12:37:42.304 p. m. 07/01/2020 
0.000000 	 0.000000 	 0.000000 	 0.000000 	 0.000000 	 0.000000 	 0.000000 	 0.000000 	 0.000000 	 0.000000 	 0.000000 	 0.000000 	 0.000000 	 12:37:42.390 p. m. 07/01/2020 
0.000000 	 0.000000 	 0.000000 	 0.000000 	 0.000000 	 0.000000 	 0.000000 	 0.000000 	 0.000000 	 0.000000 	 0.000000 	 0.000000 	 0.000000 	 12:37:42.485 p. m. 07/01/2020 
0.000000 	 0.000000 	 0.000000 	 0.000000 	 0.000000 	 0.000000 	 0.000000 	 0.000000 	 0.000000 	 0.000000 	 0.000000 	 0.000000 	 0.000000 	 12:37:42.575 p. m. 07/01/2020 
0.000000 	 0.000000 	 0.000000 	 0.000000 	 0.000000 	 0.000000 	 0.000000 	 0.000000 	 0.000000 	 0.000000 	 0.000000 	 0.000000 	 0.000000 	 12:37:42.660 p. m. 07/01/2020 
0.000000 	 0.000000 	 0.000000 	 0.000000 	 0.000000 	 0.000000 	 0.000000 	 0.000000 	 0.000000 	 0.000000 	 0.000000 	 0.000000 	 0.000000 	 12:37:42.750 p. m. 07/01/2020 
0.000000 	 0.000000 	 0.000000 	 0.000000 	 0.000000 	 0.000000 	 0.000000 	 0.000000 	 0.000000 	 0.000000 	 0.000000 	 0.000000 	 0.000000 	 12:37:42.845 p. m. 07/01/2020 
0.000000 	 0.000000 	 0.000000 	 0.000000 	 0.000000 	 0.000000 	 0.000000 	 0.000000 	 0.000000 	 0.000000 	 0.000000 	 0.000000 	 0.000000 	 12:37:42.931 p. m. 07/01/2020 
0.000000 	 0.000000 	 0.000000 	 0.000000 	 0.000000 	 0.000000 	 0.000000 	 0.000000 	 0.000000 	 0.000000 	 0.000000 	 0.000000 	 0.000000 	 12:37:43.024 p. m. 07/01/2020 
0.000000 	 0.000000 	 0.000000 	 0.000000 	 0.000000 	 0.000000 	 0.000000 	 0.000000 	 0.000000 	 0.000000 	 0.000000 	 0.000000 	 0.000000 	 12:37:43.112 p. m. 07/01/2020 
0.000000 	 0.000000 	 0.000000 	 0.000000 	 0.000000 	 0.000000 	 0.000000 	 0.000000 	 0.000000 	 0.000000 	 0.000000 	 0.000000 	 0.000000 	 12:37:43.207 p. m. 07/01/2020 
0.000000 	 0.000000 	 0.000000 	 0.000000 	 0.000000 	 0.000000 	 0.000000 	 0.000000 	 0.000000 	 0.000000 	 0.000000 	 0.000000 	 0.000000 	 12:37:43.293 p. m. 07/01/2020 
0.000000 	 0.000000 	 0.000000 	 0.000000 	 0.000000 	 0.000000 	 0.000000 	 0.000000 	 0.000000 	 0.000000 	 0.000000 	 0.000000 	 0.000000 	 12:37:43.387 p. m. 07/01/2020 
0.000000 	 0.000000 	 0.000000 	 0.000000 	 0.000000 	 0.000000 	 0.000000 	 0.000000 	 0.000000 	 0.000000 	 0.000000 	 0.000000 	 0.000000 	 12:37:43.475 p. m. 07/01/2020 
0.000000 	 0.000000 	 0.000000 	 0.000000 	 0.000000 	 0.000000 	 0.000000 	 0.000000 	 0.000000 	 0.000000 	 0.000000 	 0.000000 	 0.000000 	 12:37:43.566 p. m. 07/01/2020 
0.000000 	 0.000000 	 0.000000 	 0.000000 	 0.000000 	 0.000000 	 0.000000 	 0.000000 	 0.000000 	 0.000000 	 0.000000 	 0.000000 	 0.000000 	 12:37:43.656 p. m. 07/01/2020 
0.000000 	 0.000000 	 0.000000 	 0.000000 	 0.000000 	 0.000000 	 0.000000 	 0.000000 	 0.000000 	 0.000000 	 0.000000 	 0.000000 	 0.000000 	 12:37:43.748 p. m. 07/01/2020 
0.000000 	 0.000000 	 0.000000 	 0.000000 	 0.000000 	 0.000000 	 0.000000 	 0.000000 	 0.000000 	 0.000000 	 0.000000 	 0.000000 	 0.000000 	 12:37:43.832 p. m. 07/01/2020 
0.000000 	 0.000000 	 0.000000 	 0.000000 	 0.000000 	 0.000000 	 0.000000 	 0.000000 	 0.000000 	 0.000000 	 0.000000 	 0.000000 	 0.000000 	 12:37:43.926 p. m. 07/01/2020 
0.000000 	 0.000000 	 0.000000 	 0.000000 	 0.000000 	 0.000000 	 0.000000 	 0.000000 	 0.000000 	 0.000000 	 0.000000 	 0.000000 	 0.000000 	 12:37:44.012 p. m. 07/01/2020 
0.000000 	 0.000000 	 0.000000 	 0.000000 	 0.000000 	 0.000000 	 0.000000 	 0.000000 	 0.000000 	 0.000000 	 0.000000 	 0.000000 	 0.000000 	 12:37:44.103 p. m. 07/01/2020 
0.000000 	 0.000000 	 0.000000 	 0.000000 	 0.000000 	 0.000000 	 0.000000 	 0.000000 	 0.000000 	 0.000000 	 0.000000 	 0.000000 	 0.000000 	 12:37:44.193 p. m. 07/01/2020 
0.000000 	 0.000000 	 0.000000 	 0.000000 	 0.000000 	 0.000000 	 0.000000 	 0.000000 	 0.000000 	 0.000000 	 0.000000 	 0.000000 	 0.000000 	 12:37:44.288 p. m. 07/01/2020 
0.000000 	 0.000000 	 0.000000 	 0.000000 	 0.000000 	 0.000000 	 0.000000 	 0.000000 	 0.000000 	 0.000000 	 0.000000 	 0.000000 	 0.000000 	 12:37:44.376 p. m. 07/01/2020 
0.000000 	 0.000000 	 0.000000 	 0.000000 	 0.000000 	 0.000000 	 0.000000 	 0.000000 	 0.000000 	 0.000000 	 0.000000 	 0.000000 	 0.000000 	 12:37:44.467 p. m. 07/01/2020 
0.000000 	 0.000000 	 0.000000 	 0.000000 	 0.000000 	 0.000000 	 0.000000 	 0.000000 	 0.000000 	 0.000000 	 0.000000 	 0.000000 	 0.000000 	 12:37:44.559 p. m. 07/01/2020 
0.000000 	 0.000000 	 0.000000 	 0.000000 	 0.000000 	 0.000000 	 0.000000 	 0.000000 	 0.000000 	 0.000000 	 0.000000 	 0.000000 	 0.000000 	 12:37:44.648 p. m. 07/01/2020 
0.000000 	 0.000000 	 0.000000 	 0.000000 	 0.000000 	 0.000000 	 0.000000 	 0.000000 	 0.000000 	 0.000000 	 0.000000 	 0.000000 	 0.000000 	 12:37:44.739 p. m. 07/01/2020 
0.000000 	 0.000000 	 0.000000 	 0.000000 	 0.000000 	 0.000000 	 0.000000 	 0.000000 	 0.000000 	 0.000000 	 0.000000 	 0.000000 	 0.000000 	 12:37:44.829 p. m. 07/01/2020 
0.000000 	 0.000000 	 0.000000 	 0.000000 	 0.000000 	 0.000000 	 0.000000 	 0.000000 	 0.000000 	 0.000000 	 0.000000 	 0.000000 	 0.000000 	 12:37:44.919 p. m. 07/01/2020 
0.000000 	 0.000000 	 0.000000 	 0.000000 	 0.000000 	 0.000000 	 0.000000 	 0.000000 	 0.000000 	 0.000000 	 0.000000 	 0.000000 	 0.000000 	 12:37:45.008 p. m. 07/01/2020 
0.000000 	 0.000000 	 0.000000 	 0.000000 	 0.000000 	 0.000000 	 0.000000 	 0.000000 	 0.000000 	 0.000000 	 0.000000 	 0.000000 	 0.000000 	 12:37:45.098 p. m. 07/01/2020 
0.000000 	 0.000000 	 0.000000 	 0.000000 	 0.000000 	 0.000000 	 0.000000 	 0.000000 	 0.000000 	 0.000000 	 0.000000 	 0.000000 	 0.000000 	 12:37:45.188 p. m. 07/01/2020 
0.000000 	 0.000000 	 0.000000 	 0.000000 	 0.000000 	 0.000000 	 0.000000 	 0.000000 	 0.000000 	 0.000000 	 0.000000 	 0.000000 	 0.000000 	 12:37:45.278 p. m. 07/01/2020 
0.000000 	 0.000000 	 0.000000 	 0.000000 	 0.000000 	 0.000000 	 0.000000 	 0.000000 	 0.000000 	 0.000000 	 0.000000 	 0.000000 	 0.000000 	 12:37:45.368 p. m. 07/01/2020 
0.000000 	 0.000000 	 0.000000 	 0.000000 	 0.000000 	 0.000000 	 0.000000 	 0.000000 	 0.000000 	 0.000000 	 0.000000 	 0.000000 	 0.000000 	 12:37:45.454 p. m. 07/01/2020 
0.000000 	 0.000000 	 0.000000 	 0.000000 	 0.000000 	 0.000000 	 0.000000 	 0.000000 	 0.000000 	 0.000000 	 0.000000 	 0.000000 	 0.000000 	 12:37:45.544 p. m. 07/01/2020 
0.000000 	 0.000000 	 0.000000 	 0.000000 	 0.000000 	 0.000000 	 0.000000 	 0.000000 	 0.000000 	 0.000000 	 0.000000 	 0.000000 	 0.000000 	 12:37:45.634 p. m. 07/01/2020 
0.000000 	 0.000000 	 0.000000 	 0.000000 	 0.000000 	 0.000000 	 0.000000 	 0.000000 	 0.000000 	 0.000000 	 0.000000 	 0.000000 	 0.000000 	 12:37:45.728 p. m. 07/01/2020 
0.000000 	 0.000000 	 0.000000 	 0.000000 	 0.000000 	 0.000000 	 0.000000 	 0.000000 	 0.000000 	 0.000000 	 0.000000 	 0.000000 	 0.000000 	 12:37:45.819 p. m. 07/01/2020 
0.000000 	 0.000000 	 0.000000 	 0.000000 	 0.000000 	 0.000000 	 0.000000 	 0.000000 	 0.000000 	 0.000000 	 0.000000 	 0.000000 	 0.000000 	 12:37:45.910 p. m. 07/01/2020 
0.000000 	 0.000000 	 0.000000 	 0.000000 	 0.000000 	 0.000000 	 0.000000 	 0.000000 	 0.000000 	 0.000000 	 0.000000 	 0.000000 	 0.000000 	 12:37:45.999 p. m. 07/01/2020 
0.000000 	 0.000000 	 0.000000 	 0.000000 	 0.000000 	 0.000000 	 0.000000 	 0.000000 	 0.000000 	 0.000000 	 0.000000 	 0.000000 	 0.000000 	 12:37:46.090 p. m. 07/01/2020 
0.000000 	 0.000000 	 0.000000 	 0.000000 	 0.000000 	 0.000000 	 0.000000 	 0.000000 	 0.000000 	 0.000000 	 0.000000 	 0.000000 	 0.000000 	 12:37:46.177 p. m. 07/01/2020 
0.000000 	 0.000000 	 0.000000 	 0.000000 	 0.000000 	 0.000000 	 0.000000 	 0.000000 	 0.000000 	 0.000000 	 0.000000 	 0.000000 	 0.000000 	 12:37:46.266 p. m. 07/01/2020 
0.000000 	 0.000000 	 0.000000 	 0.000000 	 0.000000 	 0.000000 	 0.000000 	 0.000000 	 0.000000 	 0.000000 	 0.000000 	 0.000000 	 0.000000 	 12:37:46.355 p. m. 07/01/2020 
0.000000 	 0.000000 	 0.000000 	 0.000000 	 0.000000 	 0.000000 	 0.000000 	 0.000000 	 0.000000 	 0.000000 	 0.000000 	 0.000000 	 0.000000 	 12:37:46.449 p. m. 07/01/2020 
0.000000 	 0.000000 	 0.000000 	 0.000000 	 0.000000 	 0.000000 	 0.000000 	 0.000000 	 0.000000 	 0.000000 	 0.000000 	 0.000000 	 0.000000 	 12:37:46.539 p. m. 07/01/2020 
0.000000 	 0.000000 	 0.000000 	 0.000000 	 0.000000 	 0.000000 	 0.000000 	 0.000000 	 0.000000 	 0.000000 	 0.000000 	 0.000000 	 0.000000 	 12:37:46.629 p. m. 07/01/2020 
0.000000 	 0.000000 	 0.000000 	 0.000000 	 0.000000 	 0.000000 	 0.000000 	 0.000000 	 0.000000 	 0.000000 	 0.000000 	 0.000000 	 0.000000 	 12:37:46.720 p. m. 07/01/2020 
0.000000 	 0.000000 	 0.000000 	 0.000000 	 0.000000 	 0.000000 	 0.000000 	 0.000000 	 0.000000 	 0.000000 	 0.000000 	 0.000000 	 0.000000 	 12:37:46.805 p. m. 07/01/2020 
0.000000 	 0.000000 	 0.000000 	 0.000000 	 0.000000 	 0.000000 	 0.000000 	 0.000000 	 0.000000 	 0.000000 	 0.000000 	 0.000000 	 0.000000 	 12:37:46.900 p. m. 07/01/2020 
0.000000 	 0.000000 	 0.000000 	 0.000000 	 0.000000 	 0.000000 	 0.000000 	 0.000000 	 0.000000 	 0.000000 	 0.000000 	 0.000000 	 0.000000 	 12:37:46.986 p. m. 07/01/2020 
0.000000 	 0.000000 	 0.000000 	 0.000000 	 0.000000 	 0.000000 	 0.000000 	 0.000000 	 0.000000 	 0.000000 	 0.000000 	 0.000000 	 0.000000 	 12:37:47.076 p. m. 07/01/2020 
0.000000 	 0.000000 	 0.000000 	 0.000000 	 0.000000 	 0.000000 	 0.000000 	 0.000000 	 0.000000 	 0.000000 	 0.000000 	 0.000000 	 0.000000 	 12:37:47.166 p. m. 07/01/2020 
0.000000 	 0.000000 	 0.000000 	 0.000000 	 0.000000 	 0.000000 	 0.000000 	 0.000000 	 0.000000 	 0.000000 	 0.000000 	 0.000000 	 0.000000 	 12:37:47.256 p. m. 07/01/2020 
0.000000 	 0.000000 	 0.000000 	 0.000000 	 0.000000 	 0.000000 	 0.000000 	 0.000000 	 0.000000 	 0.000000 	 0.000000 	 0.000000 	 0.000000 	 12:37:47.352 p. m. 07/01/2020 
0.000000 	 0.000000 	 0.000000 	 0.000000 	 0.000000 	 0.000000 	 0.000000 	 0.000000 	 0.000000 	 0.000000 	 0.000000 	 0.000000 	 0.000000 	 12:37:47.437 p. m. 07/01/2020 
0.000000 	 0.000000 	 0.000000 	 0.000000 	 0.000000 	 0.000000 	 0.000000 	 0.000000 	 0.000000 	 0.000000 	 0.000000 	 0.000000 	 0.000000 	 12:37:47.531 p. m. 07/01/2020 
0.000000 	 0.000000 	 0.000000 	 0.000000 	 0.000000 	 0.000000 	 0.000000 	 0.000000 	 0.000000 	 0.000000 	 0.000000 	 0.000000 	 0.000000 	 12:37:47.620 p. m. 07/01/2020 
0.000000 	 0.000000 	 0.000000 	 0.000000 	 0.000000 	 0.000000 	 0.000000 	 0.000000 	 0.000000 	 0.000000 	 0.000000 	 0.000000 	 0.000000 	 12:37:47.712 p. m. 07/01/2020 
0.000000 	 0.000000 	 0.000000 	 0.000000 	 0.000000 	 0.000000 	 0.000000 	 0.000000 	 0.000000 	 0.000000 	 0.000000 	 0.000000 	 0.000000 	 12:37:47.801 p. m. 07/01/2020 
0.000000 	 0.000000 	 0.000000 	 0.000000 	 0.000000 	 0.000000 	 0.000000 	 0.000000 	 0.000000 	 0.000000 	 0.000000 	 0.000000 	 0.000000 	 12:37:47.887 p. m. 07/01/2020 
0.000000 	 0.000000 	 0.000000 	 0.000000 	 0.000000 	 0.000000 	 0.000000 	 0.000000 	 0.000000 	 0.000000 	 0.000000 	 0.000000 	 0.000000 	 12:37:47.981 p. m. 07/01/2020 
0.000000 	 0.000000 	 0.000000 	 0.000000 	 0.000000 	 0.000000 	 0.000000 	 0.000000 	 0.000000 	 0.000000 	 0.000000 	 0.000000 	 0.000000 	 12:37:48.067 p. m. 07/01/2020 
0.000000 	 0.000000 	 0.000000 	 0.000000 	 0.000000 	 0.000000 	 0.000000 	 0.000000 	 0.000000 	 0.000000 	 0.000000 	 0.000000 	 0.000000 	 12:37:48.157 p. m. 07/01/2020 
0.000000 	 0.000000 	 0.000000 	 0.000000 	 0.000000 	 0.000000 	 0.000000 	 0.000000 	 0.000000 	 0.000000 	 0.000000 	 0.000000 	 0.000000 	 12:37:48.249 p. m. 07/01/2020 
0.000000 	 0.000000 	 0.000000 	 0.000000 	 0.000000 	 0.000000 	 0.000000 	 0.000000 	 0.000000 	 0.000000 	 0.000000 	 0.000000 	 0.000000 	 12:37:48.342 p. m. 07/01/2020 
0.000000 	 0.000000 	 0.000000 	 0.000000 	 0.000000 	 0.000000 	 0.000000 	 0.000000 	 0.000000 	 0.000000 	 0.000000 	 0.000000 	 0.000000 	 12:37:48.432 p. m. 07/01/2020 
0.000000 	 0.000000 	 0.000000 	 0.000000 	 0.000000 	 0.000000 	 0.000000 	 0.000000 	 0.000000 	 0.000000 	 0.000000 	 0.000000 	 0.000000 	 12:37:48.522 p. m. 07/01/2020 
0.000000 	 0.000000 	 0.000000 	 0.000000 	 0.000000 	 0.000000 	 0.000000 	 0.000000 	 0.000000 	 0.000000 	 0.000000 	 0.000000 	 0.000000 	 12:37:48.608 p. m. 07/01/2020 
0.000000 	 0.000000 	 0.000000 	 0.000000 	 0.000000 	 0.000000 	 0.000000 	 0.000000 	 0.000000 	 0.000000 	 0.000000 	 0.000000 	 0.000000 	 12:37:48.702 p. m. 07/01/2020 
0.000000 	 0.000000 	 0.000000 	 0.000000 	 0.000000 	 0.000000 	 0.000000 	 0.000000 	 0.000000 	 0.000000 	 0.000000 	 0.000000 	 0.000000 	 12:37:48.793 p. m. 07/01/2020 
0.000000 	 0.000000 	 0.000000 	 0.000000 	 0.000000 	 0.000000 	 0.000000 	 0.000000 	 0.000000 	 0.000000 	 0.000000 	 0.000000 	 0.000000 	 12:37:48.879 p. m. 07/01/2020 
0.000000 	 0.000000 	 0.000000 	 0.000000 	 0.000000 	 0.000000 	 0.000000 	 0.000000 	 0.000000 	 0.000000 	 0.000000 	 0.000000 	 0.000000 	 12:37:48.969 p. m. 07/01/2020 
0.000000 	 0.000000 	 0.000000 	 0.000000 	 0.000000 	 0.000000 	 0.000000 	 0.000000 	 0.000000 	 0.000000 	 0.000000 	 0.000000 	 0.000000 	 12:37:49.062 p. m. 07/01/2020 
0.000000 	 0.000000 	 0.000000 	 0.000000 	 0.000000 	 0.000000 	 0.000000 	 0.000000 	 0.000000 	 0.000000 	 0.000000 	 0.000000 	 0.000000 	 12:37:49.153 p. m. 07/01/2020 
0.000000 	 0.000000 	 0.000000 	 0.000000 	 0.000000 	 0.000000 	 0.000000 	 0.000000 	 0.000000 	 0.000000 	 0.000000 	 0.000000 	 0.000000 	 12:37:49.239 p. m. 07/01/2020 
0.000000 	 0.000000 	 0.000000 	 0.000000 	 0.000000 	 0.000000 	 0.000000 	 0.000000 	 0.000000 	 0.000000 	 0.000000 	 0.000000 	 0.000000 	 12:37:49.329 p. m. 07/01/2020 
0.000000 	 0.000000 	 0.000000 	 0.000000 	 0.000000 	 0.000000 	 0.000000 	 0.000000 	 0.000000 	 0.000000 	 0.000000 	 0.000000 	 0.000000 	 12:37:49.419 p. m. 07/01/2020 
0.000000 	 0.000000 	 0.000000 	 0.000000 	 0.000000 	 0.000000 	 0.000000 	 0.000000 	 0.000000 	 0.000000 	 0.000000 	 0.000000 	 0.000000 	 12:37:49.513 p. m. 07/01/2020 
0.000000 	 0.000000 	 0.000000 	 0.000000 	 0.000000 	 0.000000 	 0.000000 	 0.000000 	 0.000000 	 0.000000 	 0.000000 	 0.000000 	 0.000000 	 12:37:49.605 p. m. 07/01/2020 
0.000000 	 0.000000 	 0.000000 	 0.000000 	 0.000000 	 0.000000 	 0.000000 	 0.000000 	 0.000000 	 0.000000 	 0.000000 	 0.000000 	 0.000000 	 12:37:49.695 p. m. 07/01/2020 
0.000000 	 0.000000 	 0.000000 	 0.000000 	 0.000000 	 0.000000 	 0.000000 	 0.000000 	 0.000000 	 0.000000 	 0.000000 	 0.000000 	 0.000000 	 12:37:49.784 p. m. 07/01/2020 
0.000000 	 0.000000 	 0.000000 	 0.000000 	 0.000000 	 0.000000 	 0.000000 	 0.000000 	 0.000000 	 0.000000 	 0.000000 	 0.000000 	 0.000000 	 12:37:49.873 p. m. 07/01/2020 
0.000000 	 0.000000 	 0.000000 	 0.000000 	 0.000000 	 0.000000 	 0.000000 	 0.000000 	 0.000000 	 0.000000 	 0.000000 	 0.000000 	 0.000000 	 12:37:49.963 p. m. 07/01/2020 
0.000000 	 0.000000 	 0.000000 	 0.000000 	 0.000000 	 0.000000 	 0.000000 	 0.000000 	 0.000000 	 0.000000 	 0.000000 	 0.000000 	 0.000000 	 12:37:50.054 p. m. 07/01/2020 
0.000000 	 0.000000 	 0.000000 	 0.000000 	 0.000000 	 0.000000 	 0.000000 	 0.000000 	 0.000000 	 0.000000 	 0.000000 	 0.000000 	 0.000000 	 12:37:50.144 p. m. 07/01/2020 
0.000000 	 0.000000 	 0.000000 	 0.000000 	 0.000000 	 0.000000 	 0.000000 	 0.000000 	 0.000000 	 0.000000 	 0.000000 	 0.000000 	 0.000000 	 12:37:50.234 p. m. 07/01/2020 
0.000000 	 0.000000 	 0.000000 	 0.000000 	 0.000000 	 0.000000 	 0.000000 	 0.000000 	 0.000000 	 0.000000 	 0.000000 	 0.000000 	 0.000000 	 12:37:50.326 p. m. 07/01/2020 
0.000000 	 0.000000 	 0.000000 	 0.000000 	 0.000000 	 0.000000 	 0.000000 	 0.000000 	 0.000000 	 0.000000 	 0.000000 	 0.000000 	 0.000000 	 12:37:50.411 p. m. 07/01/2020 
0.000000 	 0.000000 	 0.000000 	 0.000000 	 0.000000 	 0.000000 	 0.000000 	 0.000000 	 0.000000 	 0.000000 	 0.000000 	 0.000000 	 0.000000 	 12:37:50.505 p. m. 07/01/2020 
0.000000 	 0.000000 	 0.000000 	 0.000000 	 0.000000 	 0.000000 	 0.000000 	 0.000000 	 0.000000 	 0.000000 	 0.000000 	 0.000000 	 0.000000 	 12:37:50.590 p. m. 07/01/2020 
0.000000 	 0.000000 	 0.000000 	 0.000000 	 0.000000 	 0.000000 	 0.000000 	 0.000000 	 0.000000 	 0.000000 	 0.000000 	 0.000000 	 0.000000 	 12:37:50.680 p. m. 07/01/2020 
0.000000 	 0.000000 	 0.000000 	 0.000000 	 0.000000 	 0.000000 	 0.000000 	 0.000000 	 0.000000 	 0.000000 	 0.000000 	 0.000000 	 0.000000 	 12:37:50.771 p. m. 07/01/2020 
0.000000 	 0.000000 	 0.000000 	 0.000000 	 0.000000 	 0.000000 	 0.000000 	 0.000000 	 0.000000 	 0.000000 	 0.000000 	 0.000000 	 0.000000 	 12:37:50.862 p. m. 07/01/2020 
0.000000 	 0.000000 	 0.000000 	 0.000000 	 0.000000 	 0.000000 	 0.000000 	 0.000000 	 0.000000 	 0.000000 	 0.000000 	 0.000000 	 0.000000 	 12:37:50.956 p. m. 07/01/2020 
0.000000 	 0.000000 	 0.000000 	 0.000000 	 0.000000 	 0.000000 	 0.000000 	 0.000000 	 0.000000 	 0.000000 	 0.000000 	 0.000000 	 0.000000 	 12:37:51.040 p. m. 07/01/2020 
0.000000 	 0.000000 	 0.000000 	 0.000000 	 0.000000 	 0.000000 	 0.000000 	 0.000000 	 0.000000 	 0.000000 	 0.000000 	 0.000000 	 0.000000 	 12:37:51.136 p. m. 07/01/2020 
0.000000 	 0.000000 	 0.000000 	 0.000000 	 0.000000 	 0.000000 	 0.000000 	 0.000000 	 0.000000 	 0.000000 	 0.000000 	 0.000000 	 0.000000 	 12:37:51.227 p. m. 07/01/2020 
0.000000 	 0.000000 	 0.000000 	 0.000000 	 0.000000 	 0.000000 	 0.000000 	 0.000000 	 0.000000 	 0.000000 	 0.000000 	 0.000000 	 0.000000 	 12:37:51.317 p. m. 07/01/2020 
0.000000 	 0.000000 	 0.000000 	 0.000000 	 0.000000 	 0.000000 	 0.000000 	 0.000000 	 0.000000 	 0.000000 	 0.000000 	 0.000000 	 0.000000 	 12:37:51.406 p. m. 07/01/2020 
0.000000 	 0.000000 	 0.000000 	 0.000000 	 0.000000 	 0.000000 	 0.000000 	 0.000000 	 0.000000 	 0.000000 	 0.000000 	 0.000000 	 0.000000 	 12:37:51.496 p. m. 07/01/2020 
0.000000 	 0.000000 	 0.000000 	 0.000000 	 0.000000 	 0.000000 	 0.000000 	 0.000000 	 0.000000 	 0.000000 	 0.000000 	 0.000000 	 0.000000 	 12:37:51.582 p. m. 07/01/2020 
0.000000 	 0.000000 	 0.000000 	 0.000000 	 0.000000 	 0.000000 	 0.000000 	 0.000000 	 0.000000 	 0.000000 	 0.000000 	 0.000000 	 0.000000 	 12:37:51.676 p. m. 07/01/2020 
0.000000 	 0.000000 	 0.000000 	 0.000000 	 0.000000 	 0.000000 	 0.000000 	 0.000000 	 0.000000 	 0.000000 	 0.000000 	 0.000000 	 0.000000 	 12:37:51.766 p. m. 07/01/2020 
0.000000 	 0.000000 	 0.000000 	 0.000000 	 0.000000 	 0.000000 	 0.000000 	 0.000000 	 0.000000 	 0.000000 	 0.000000 	 0.000000 	 0.000000 	 12:37:51.856 p. m. 07/01/2020 
0.000000 	 0.000000 	 0.000000 	 0.000000 	 0.000000 	 0.000000 	 0.000000 	 0.000000 	 0.000000 	 0.000000 	 0.000000 	 0.000000 	 0.000000 	 12:37:51.942 p. m. 07/01/2020 
0.000000 	 0.000000 	 0.000000 	 0.000000 	 0.000000 	 0.000000 	 0.000000 	 0.000000 	 0.000000 	 0.000000 	 0.000000 	 0.000000 	 0.000000 	 12:37:52.032 p. m. 07/01/2020 
0.000000 	 0.000000 	 0.000000 	 0.000000 	 0.000000 	 0.000000 	 0.000000 	 0.000000 	 0.000000 	 0.000000 	 0.000000 	 0.000000 	 0.000000 	 12:37:52.126 p. m. 07/01/2020 
0.000000 	 0.000000 	 0.000000 	 0.000000 	 0.000000 	 0.000000 	 0.000000 	 0.000000 	 0.000000 	 0.000000 	 0.000000 	 0.000000 	 0.000000 	 12:37:52.217 p. m. 07/01/2020 
0.000000 	 0.000000 	 0.000000 	 0.000000 	 0.000000 	 0.000000 	 0.000000 	 0.000000 	 0.000000 	 0.000000 	 0.000000 	 0.000000 	 0.000000 	 12:37:52.308 p. m. 07/01/2020 
0.000000 	 0.000000 	 0.000000 	 0.000000 	 0.000000 	 0.000000 	 0.000000 	 0.000000 	 0.000000 	 0.000000 	 0.000000 	 0.000000 	 0.000000 	 12:37:52.396 p. m. 07/01/2020 
0.000000 	 0.000000 	 0.000000 	 0.000000 	 0.000000 	 0.000000 	 0.000000 	 0.000000 	 0.000000 	 0.000000 	 0.000000 	 0.000000 	 0.000000 	 12:37:52.488 p. m. 07/01/2020 
0.000000 	 0.000000 	 0.000000 	 0.000000 	 0.000000 	 0.000000 	 0.000000 	 0.000000 	 0.000000 	 0.000000 	 0.000000 	 0.000000 	 0.000000 	 12:37:52.579 p. m. 07/01/2020 
0.000000 	 0.000000 	 0.000000 	 0.000000 	 0.000000 	 0.000000 	 0.000000 	 0.000000 	 0.000000 	 0.000000 	 0.000000 	 0.000000 	 0.000000 	 12:37:52.668 p. m. 07/01/2020 
0.000000 	 0.000000 	 0.000000 	 0.000000 	 0.000000 	 0.000000 	 0.000000 	 0.000000 	 0.000000 	 0.000000 	 0.000000 	 0.000000 	 0.000000 	 12:37:52.759 p. m. 07/01/2020 
0.000000 	 0.000000 	 0.000000 	 0.000000 	 0.000000 	 0.000000 	 0.000000 	 0.000000 	 0.000000 	 0.000000 	 0.000000 	 0.000000 	 0.000000 	 12:37:52.845 p. m. 07/01/2020 
0.000000 	 0.000000 	 0.000000 	 0.000000 	 0.000000 	 0.000000 	 0.000000 	 0.000000 	 0.000000 	 0.000000 	 0.000000 	 0.000000 	 0.000000 	 12:37:52.938 p. m. 07/01/2020 
0.000000 	 0.000000 	 0.000000 	 0.000000 	 0.000000 	 0.000000 	 0.000000 	 0.000000 	 0.000000 	 0.000000 	 0.000000 	 0.000000 	 0.000000 	 12:37:53.024 p. m. 07/01/2020 
0.000000 	 0.000000 	 0.000000 	 0.000000 	 0.000000 	 0.000000 	 0.000000 	 0.000000 	 0.000000 	 0.000000 	 0.000000 	 0.000000 	 0.000000 	 12:37:53.114 p. m. 07/01/2020 
0.000000 	 0.000000 	 0.000000 	 0.000000 	 0.000000 	 0.000000 	 0.000000 	 0.000000 	 0.000000 	 0.000000 	 0.000000 	 0.000000 	 0.000000 	 12:37:53.204 p. m. 07/01/2020 
0.000000 	 0.000000 	 0.000000 	 0.000000 	 0.000000 	 0.000000 	 0.000000 	 0.000000 	 0.000000 	 0.000000 	 0.000000 	 0.000000 	 0.000000 	 12:37:53.298 p. m. 07/01/2020 
0.000000 	 0.000000 	 0.000000 	 0.000000 	 0.000000 	 0.000000 	 0.000000 	 0.000000 	 0.000000 	 0.000000 	 0.000000 	 0.000000 	 0.000000 	 12:37:53.384 p. m. 07/01/2020 
0.000000 	 0.000000 	 0.000000 	 0.000000 	 0.000000 	 0.000000 	 0.000000 	 0.000000 	 0.000000 	 0.000000 	 0.000000 	 0.000000 	 0.000000 	 12:37:53.478 p. m. 07/01/2020 
0.000000 	 0.000000 	 0.000000 	 0.000000 	 0.000000 	 0.000000 	 0.000000 	 0.000000 	 0.000000 	 0.000000 	 0.000000 	 0.000000 	 0.000000 	 12:37:53.568 p. m. 07/01/2020 
0.000000 	 0.000000 	 0.000000 	 0.000000 	 0.000000 	 0.000000 	 0.000000 	 0.000000 	 0.000000 	 0.000000 	 0.000000 	 0.000000 	 0.000000 	 12:37:53.660 p. m. 07/01/2020 
0.000000 	 0.000000 	 0.000000 	 0.000000 	 0.000000 	 0.000000 	 0.000000 	 0.000000 	 0.000000 	 0.000000 	 0.000000 	 0.000000 	 0.000000 	 12:37:53.744 p. m. 07/01/2020 
0.000000 	 0.000000 	 0.000000 	 0.000000 	 0.000000 	 0.000000 	 0.000000 	 0.000000 	 0.000000 	 0.000000 	 0.000000 	 0.000000 	 0.000000 	 12:37:53.836 p. m. 07/01/2020 
0.000000 	 0.000000 	 0.000000 	 0.000000 	 0.000000 	 0.000000 	 0.000000 	 0.000000 	 0.000000 	 0.000000 	 0.000000 	 0.000000 	 0.000000 	 12:37:53.926 p. m. 07/01/2020 
0.000000 	 0.000000 	 0.000000 	 0.000000 	 0.000000 	 0.000000 	 0.000000 	 0.000000 	 0.000000 	 0.000000 	 0.000000 	 0.000000 	 0.000000 	 12:37:54.015 p. m. 07/01/2020 
0.000000 	 0.000000 	 0.000000 	 0.000000 	 0.000000 	 0.000000 	 0.000000 	 0.000000 	 0.000000 	 0.000000 	 0.000000 	 0.000000 	 0.000000 	 12:37:54.109 p. m. 07/01/2020 
0.000000 	 0.000000 	 0.000000 	 0.000000 	 0.000000 	 0.000000 	 0.000000 	 0.000000 	 0.000000 	 0.000000 	 0.000000 	 0.000000 	 0.000000 	 12:37:54.197 p. m. 07/01/2020 
0.000000 	 0.000000 	 0.000000 	 0.000000 	 0.000000 	 0.000000 	 0.000000 	 0.000000 	 0.000000 	 0.000000 	 0.000000 	 0.000000 	 0.000000 	 12:37:54.289 p. m. 07/01/2020 
0.000000 	 0.000000 	 0.000000 	 0.000000 	 0.000000 	 0.000000 	 0.000000 	 0.000000 	 0.000000 	 0.000000 	 0.000000 	 0.000000 	 0.000000 	 12:37:54.379 p. m. 07/01/2020 
0.000000 	 0.000000 	 0.000000 	 0.000000 	 0.000000 	 0.000000 	 0.000000 	 0.000000 	 0.000000 	 0.000000 	 0.000000 	 0.000000 	 0.000000 	 12:37:54.469 p. m. 07/01/2020 
0.000000 	 0.000000 	 0.000000 	 0.000000 	 0.000000 	 0.000000 	 0.000000 	 0.000000 	 0.000000 	 0.000000 	 0.000000 	 0.000000 	 0.000000 	 12:37:54.555 p. m. 07/01/2020 
0.000000 	 0.000000 	 0.000000 	 0.000000 	 0.000000 	 0.000000 	 0.000000 	 0.000000 	 0.000000 	 0.000000 	 0.000000 	 0.000000 	 0.000000 	 12:37:54.650 p. m. 07/01/2020 
0.000000 	 0.000000 	 0.000000 	 0.000000 	 0.000000 	 0.000000 	 0.000000 	 0.000000 	 0.000000 	 0.000000 	 0.000000 	 0.000000 	 0.000000 	 12:37:54.735 p. m. 07/01/2020 
0.000000 	 0.000000 	 0.000000 	 0.000000 	 0.000000 	 0.000000 	 0.000000 	 0.000000 	 0.000000 	 0.000000 	 0.000000 	 0.000000 	 0.000000 	 12:37:54.826 p. m. 07/01/2020 
0.000000 	 0.000000 	 0.000000 	 0.000000 	 0.000000 	 0.000000 	 0.000000 	 0.000000 	 0.000000 	 0.000000 	 0.000000 	 0.000000 	 0.000000 	 12:37:54.920 p. m. 07/01/2020 
0.000000 	 0.000000 	 0.000000 	 0.000000 	 0.000000 	 0.000000 	 0.000000 	 0.000000 	 0.000000 	 0.000000 	 0.000000 	 0.000000 	 0.000000 	 12:37:55.012 p. m. 07/01/2020 
0.000000 	 0.000000 	 0.000000 	 0.000000 	 0.000000 	 0.000000 	 0.000000 	 0.000000 	 0.000000 	 0.000000 	 0.000000 	 0.000000 	 0.000000 	 12:37:55.097 p. m. 07/01/2020 
0.000000 	 0.000000 	 0.000000 	 0.000000 	 0.000000 	 0.000000 	 0.000000 	 0.000000 	 0.000000 	 0.000000 	 0.000000 	 0.000000 	 0.000000 	 12:37:55.186 p. m. 07/01/2020 
0.000000 	 0.000000 	 0.000000 	 0.000000 	 0.000000 	 0.000000 	 0.000000 	 0.000000 	 0.000000 	 0.000000 	 0.000000 	 0.000000 	 0.000000 	 12:37:55.277 p. m. 07/01/2020 
0.000000 	 0.000000 	 0.000000 	 0.000000 	 0.000000 	 0.000000 	 0.000000 	 0.000000 	 0.000000 	 0.000000 	 0.000000 	 0.000000 	 0.000000 	 12:37:55.372 p. m. 07/01/2020 
0.000000 	 0.000000 	 0.000000 	 0.000000 	 0.000000 	 0.000000 	 0.000000 	 0.000000 	 0.000000 	 0.000000 	 0.000000 	 0.000000 	 0.000000 	 12:37:55.460 p. m. 07/01/2020 
0.000000 	 0.000000 	 0.000000 	 0.000000 	 0.000000 	 0.000000 	 0.000000 	 0.000000 	 0.000000 	 0.000000 	 0.000000 	 0.000000 	 0.000000 	 12:37:55.550 p. m. 07/01/2020 
0.000000 	 0.000000 	 0.000000 	 0.000000 	 0.000000 	 0.000000 	 0.000000 	 0.000000 	 0.000000 	 0.000000 	 0.000000 	 0.000000 	 0.000000 	 12:37:55.638 p. m. 07/01/2020 
0.000000 	 0.000000 	 0.000000 	 0.000000 	 0.000000 	 0.000000 	 0.000000 	 0.000000 	 0.000000 	 0.000000 	 0.000000 	 0.000000 	 0.000000 	 12:37:55.732 p. m. 07/01/2020 
0.000000 	 0.000000 	 0.000000 	 0.000000 	 0.000000 	 0.000000 	 0.000000 	 0.000000 	 0.000000 	 0.000000 	 0.000000 	 0.000000 	 0.000000 	 12:37:55.816 p. m. 07/01/2020 
0.000000 	 0.000000 	 0.000000 	 0.000000 	 0.000000 	 0.000000 	 0.000000 	 0.000000 	 0.000000 	 0.000000 	 0.000000 	 0.000000 	 0.000000 	 12:37:55.907 p. m. 07/01/2020 
0.000000 	 0.000000 	 0.000000 	 0.000000 	 0.000000 	 0.000000 	 0.000000 	 0.000000 	 0.000000 	 0.000000 	 0.000000 	 0.000000 	 0.000000 	 12:37:55.997 p. m. 07/01/2020 
0.000000 	 0.000000 	 0.000000 	 0.000000 	 0.000000 	 0.000000 	 0.000000 	 0.000000 	 0.000000 	 0.000000 	 0.000000 	 0.000000 	 0.000000 	 12:37:56.088 p. m. 07/01/2020 
0.000000 	 0.000000 	 0.000000 	 0.000000 	 0.000000 	 0.000000 	 0.000000 	 0.000000 	 0.000000 	 0.000000 	 0.000000 	 0.000000 	 0.000000 	 12:37:56.179 p. m. 07/01/2020 
0.000000 	 0.000000 	 0.000000 	 0.000000 	 0.000000 	 0.000000 	 0.000000 	 0.000000 	 0.000000 	 0.000000 	 0.000000 	 0.000000 	 0.000000 	 12:37:56.274 p. m. 07/01/2020 
