150	0.00
		150	0.00
		150	0.00
		150	0.00
		150	0.00
		150	0.00
		150	0.00
		150	0.07
		150	0.17
		150	0.31
		150	0.47
		150	0.63
		150	0.80
		150	0.96
		150	1.15
		150	1.32
		150	1.50
		150	1.67
		150	1.86
		150	2.04
		150	2.23
		150	2.40
		150	2.59
		150	2.77
		150	2.96
		150	3.13
		150	3.32
		150	3.50
		150	3.69
		150	3.86
		150	4.05
		150	4.23
		150	4.40
		150	4.59
		150	4.77
		150	4.96
		150	5.13
		150	5.32
		150	5.50
		150	5.69
		150	5.86
		150	6.06
		150	6.23
		150	6.42
		150	6.59
		150	6.79
		150	6.96
		150	7.13
		150	7.33
		150	7.50
		150	7.69
		150	7.86
		150	8.06
		150	8.23
		150	8.42
		150	8.61
		150	8.79
		150	8.98
		150	9.15
		150	9.34
		150	9.52
		150	9.71
		150	9.88
		150	10.07
		150	10.27
		150	10.46
		150	10.65
		150	10.86
		150	11.05
		150	11.24
		150	11.45
		150	11.64
		150	11.83
		150	12.04
		150	12.23
		150	12.44
		150	12.63
		150	12.82
		150	13.03
		150	13.22
		150	13.42
		150	13.61
		150	13.82
		150	14.01
		150	14.20
		150	14.41
		150	14.62
		150	14.81
		150	15.00
		150	15.19
		150	15.40
		150	15.59
		150	15.78
		150	15.97
		150	16.18
		150	16.37
		150	16.58
		150	16.77
		150	16.98
		150	17.17
		150	17.37
		150	17.56
		150	17.77
		150	17.96
		150	18.15
		150	18.34
		150	18.55
		150	18.74
		150	18.95
		150	19.14
		150	19.35
		150	19.54
		150	19.73
		150	19.92
		150	20.13
		150	20.32
		150	20.51
		150	20.71
		150	20.91
		150	21.11
		150	21.31
		150	21.51
		150	21.72
		150	21.91
		150	22.10
		150	22.29
		150	22.50
		150	22.69
		150	22.88
		150	23.07
		150	23.28
		150	23.49
		150	23.68
		150	23.89
		150	24.08
		150	24.27
		150	24.46
		150	24.67
		150	24.86
		150	25.06
		150	25.26
		150	25.46
		150	25.65
		150	25.86
		150	26.05
		150	26.26
		150	26.45
		150	26.64
		150	26.83
		150	27.04
		150	27.23
		150	27.42
		150	27.61
		150	27.82
		150	28.01
		150	28.22
		150	28.41
		150	28.62
		150	28.81
		150	29.01
		150	29.20
		150	29.41
		150	29.60
		150	29.79
		150	29.98
		150	30.19
		150	30.38
		150	30.59
		150	30.78
		150	30.99
		150	31.18
		150	31.37
		150	31.56
		150	31.77
		150	31.96
		150	32.16
		150	32.36
		150	32.56
		150	32.76
		150	32.96
		150	33.15
		150	33.34
		150	33.53
		150	33.74
		150	33.93
		150	34.12
		150	34.33
		150	34.52
		150	34.73
		150	34.92
		150	35.11
		150	35.32
		150	35.51
		150	35.70
		150	35.90
		150	36.09
		150	36.30
		150	36.49
		150	36.70
		150	36.89
		150	37.10
		150	37.29
		150	37.48
		150	37.67
		150	37.88
		150	38.07
		150	38.26
		150	38.45
		150	38.66
		150	38.85
		150	39.06
		150	39.25
		150	39.46
		150	39.65
		150	39.85
		150	40.05
		150	40.25
		150	40.44
		150	40.63
		150	40.82
		150	41.03
		150	41.24
		150	41.43
		150	41.62
		150	41.83
		150	42.02
		150	42.21
		150	42.40
		150	42.61
		150	42.80
		150	43.00
		150	43.20
		150	43.40
		150	43.60
		150	43.80
		150	43.99
		150	44.20
		150	44.39
		150	44.58
		150	44.77
		150	44.98
		150	45.17
		150	45.36
		150	45.57
		150	45.76
		150	45.97
		150	46.16
		150	46.35
		150	46.55
		150	46.75
		150	46.95
		150	47.14
		150	47.33
		150	47.54
		150	47.73
		150	47.94
		150	48.13
		150	48.34
		150	48.53
		150	48.72
		150	48.91
		150	49.10
		150	49.31
		150	49.50
		150	49.69
		150	49.90
		150	50.11
		150	50.30
		150	50.49
		150	50.69
		150	50.90
		150	51.09
		150	51.28
		150	51.47
		150	51.68
		150	51.87
		150	52.08
		150	52.27
		150	52.46
		150	52.67
		150	52.86
		150	53.05
		150	53.24
		150	53.45
		150	53.64
		150	53.84
		150	54.04
		150	54.24
		150	54.44
		150	54.64
		150	54.84
		150	55.04
		150	55.23
		150	55.42
		150	55.63
		150	55.82
		150	56.01
		150	56.20
		150	56.41
		150	56.60
		150	56.81
		150	57.00
		150	57.21
		150	57.40
		150	57.59
		150	57.79
		150	57.99
		150	58.19
		150	58.38
		150	58.57
		150	58.78
		150	58.99
		150	59.18
		150	59.37
		150	59.58
		150	59.77
		150	59.96
		150	60.15
		150	60.36
		150	60.55
		150	60.74
		150	60.95
		150	61.14
		150	61.35
		150	61.54
		150	61.74
		150	61.94
		150	62.14
		150	62.33
		150	62.52
		150	62.71
		150	62.92
		150	63.11
		150	63.32
		150	63.51
		150	63.72
		150	63.91
		150	64.10
		150	64.29
		150	64.50
		150	64.69
		150	64.88
		150	65.08
		150	65.28
		150	65.48
		150	65.68
		150	65.88
		150	66.07
		150	66.28
		150	66.47
		150	66.66
		150	66.85
		150	67.06
		150	67.25
		150	67.44
		150	67.65
		150	67.86
		150	68.05
		150	68.24
		150	68.43
		150	68.64
		150	68.83
		150	69.03
		150	69.22
		150	69.43
		150	69.62
		150	69.83
		150	70.02
		150	70.23
		150	70.42
		150	70.61
		150	70.82
		150	71.01
		150	71.20
		150	71.39
		150	71.58
		150	71.79
		150	71.98
		150	72.19
		150	72.38
		150	72.59
		150	72.78
		150	72.98
		150	73.17
		150	73.38
		150	73.57
		150	73.76
		150	73.95
		150	74.16
		150	74.35
		150	74.56
		150	74.75
		150	74.96
		150	75.15
		150	75.34
		150	75.53
		150	75.74
		150	75.93
		150	76.12
		150	76.32
		150	76.53
		150	76.73
		150	76.93
		150	77.12
		150	77.31
		150	77.52
		150	77.71
		150	77.90
		150	78.09
		150	78.30
		150	78.49
		150	78.70
		150	78.89
		150	79.08
		150	79.29
		150	79.48
		150	79.67
		150	79.87
		150	80.07
		150	80.27
		150	80.46
		150	80.67
		150	80.86
		150	81.07
		150	81.26
		150	81.45
		150	81.64
		150	81.85
		150	82.04
		150	82.23
		150	82.42
		150	82.63
		150	82.82
		150	83.03
		150	83.22
		150	83.43
		150	83.62
		150	83.82
		150	84.01
		150	84.22
		150	84.41
		150	84.60
		150	84.79
		150	85.00
		150	85.19
		150	85.40
		150	85.59
		150	85.80
		150	85.99
		150	86.18
		150	86.39
		150	86.58
		150	86.77
		150	86.97
		150	87.17
		150	87.37
		150	87.57
		150	87.77
		150	87.97
		150	88.17
		150	88.36
		150	88.55
		150	88.76
		150	88.95
		150	89.14
		150	89.33
		150	89.54
		150	89.73
		150	89.94
		150	90.13
		150	90.34
		150	90.53
		150	90.72
		150	90.91
		150	91.12
		150	91.32
		150	91.51
		150	91.70
		150	91.91
		150	92.10
		150	92.31
		150	92.50
		150	92.71
		150	92.90
		150	93.09
		150	93.28
		150	93.47
		150	93.68
		150	93.87
		150	94.06
		150	94.27
		150	94.48
		150	94.67
		150	94.86
		150	95.06
		150	95.26
		150	95.46
		150	95.65
		150	95.84
		150	96.05
		150	96.24
		150	96.45
		150	96.64
		150	96.83
		150	97.04
		150	97.23
		150	97.42
		150	97.61
		150	97.82
		150	98.01
		150	98.21
		150	98.41
		150	98.61
		150	98.81
		150	99.01
		150	99.20
		150	99.41
		150	99.60
		150	99.79
		150	99.98
		150	100.19
		150	100.40
		150	100.62
		150	100.82
		150	101.04
		150	101.25
		150	101.46
		150	101.67
		150	101.89
		150	102.10
		150	102.31
		150	102.52
		150	102.75
		150	102.96
		150	103.16
		150	103.39
		150	103.58
		150	103.81
		150	104.02
		150	104.23
		150	104.43
		150	104.66
		150	104.87
		150	105.08
		150	105.29
		150	105.51
		150	105.72
		150	105.93
		150	106.14
		150	106.37
		150	106.56
		150	106.78
		150	106.99
		150	107.20
		150	107.41
		150	107.64
		150	107.85
		150	108.05
		150	108.26
		150	108.49
		150	108.68
		150	108.91
		150	109.12
		150	109.32
		150	109.53
		150	109.76
		150	109.97
		150	110.18
		150	110.39
		150	110.61
		150	110.82
		150	111.03
		150	111.24
		150	111.46
		150	111.66
		150	111.88
		150	112.09
		150	112.30
		150	112.53
		150	112.73
		150	112.94
		150	113.15
		150	113.36
		150	113.59
		150	113.80
		150	114.00
		150	114.23
		150	114.42
		150	114.65
		150	114.86
		150	115.07
		150	115.27
		150	115.50
		150	115.71
		150	115.92
		150	116.13
		150	116.35
		150	116.56
		150	116.77
		150	116.98
		150	117.21
		150	117.42
		150	117.62
		150	117.85
		150	118.04
		150	118.27
		150	118.48
		150	118.69
		150	118.89
		150	119.12
		150	119.33
		150	119.54
		150	119.75
		150	119.97
		150	120.16
		150	120.39
		150	120.62
		150	120.81
		150	121.03
		150	121.24
		150	121.45
		150	121.66
		150	121.89
		150	122.10
		150	122.30
		150	122.51
		150	122.74
		150	122.95
		150	123.16
		150	123.37
		150	123.59
		150	123.78
		150	124.01
		150	124.22
		150	124.43
		150	124.64
		150	124.86
		150	125.07
		150	125.28
		150	125.49
		150	125.72
		150	125.91
		150	126.13
		150	126.34
		150	126.55
		150	126.76
		150	126.99
		150	127.19
		150	127.40
		150	127.63
		150	127.84
		150	128.05
		150	128.26
		150	128.48
		150	128.69
		150	128.90
		150	129.11
		150	129.33
		150	129.53
		150	129.75
		150	129.96
		150	130.17
		150	130.38
		150	130.60
		150	130.81
		150	131.02
		150	131.23
		150	131.46
		150	131.65
		150	131.87
		150	132.10
		150	132.29
		150	132.52
		150	132.73
		150	132.94
		150	133.14
		150	133.37
		150	133.58
		150	133.79
		150	134.00
		150	134.22
		150	134.43
		150	134.64
		150	134.87
		150	135.08
		150	135.29
		150	135.49
		150	135.72
		150	135.91
		150	136.14
		150	136.35
		150	136.56
		150	136.76
		150	136.99
		150	137.20
		150	137.41
		150	137.62
		150	137.84
		150	138.03
		150	138.26
		150	138.47
		150	138.68
		150	138.89
		150	139.11
		150	139.32
		150	139.53
		150	139.76
		150	139.97
		150	140.17
		150	140.38
		150	140.61
		150	140.82
		150	141.03
		150	141.24
		150	141.46
		150	141.65
		150	141.88
		150	142.09
		150	142.30
		150	142.51
		150	142.73
		150	142.94
		150	143.15
		150	143.36
		150	143.58
		150	143.78
		150	144.00
		150	144.21
		150	144.42
		150	144.63
		150	144.86
		150	145.06
		150	145.27
		150	145.50
		150	145.71
		150	145.92
		150	146.13
		150	146.35
		150	146.56
		150	146.77
		150	146.98
		150	147.20
		150	147.40
		150	147.62
		150	147.83
		150	148.04
		150	148.27
		150	148.47
		150	148.68
		150	148.89
		150	149.12
		150	149.33
		150	149.54
		150	149.74
		150	149.97
		150	150.16
		150	150.39
		150	150.60
		150	150.81
		150	151.03
		150	151.24
		150	151.45
		150	151.66
		150	151.88
		150	152.09
		150	152.30
		150	152.51
		150	152.74
		150	152.95
		150	153.15
		150	153.36
		150	153.57
		150	153.78
		150	154.01
		150	154.22
		150	154.43
		150	154.63
		150	154.86
		150	155.07
		150	155.28
		150	155.50
		150	155.71
		150	155.92
		150	156.13
		150	156.36
		150	156.55
		150	156.77
		150	156.98
		150	157.19
		150	157.40
		150	157.63
		150	157.84
		150	158.04
		150	158.27
		150	158.48
		150	158.69
		150	158.90
		150	159.12
		150	159.31
		150	159.54
		150	159.75
		150	159.96
		150	160.18
		150	160.39
		150	160.60
		150	160.81
		150	161.04
		150	161.25
		150	161.45
		150	161.68
		150	161.89
		150	162.10
		150	162.31
		150	162.53
		150	162.74
		150	162.95
		150	163.18
		150	163.39
		150	163.59
		150	163.80
		150	164.01
		150	164.22
		150	164.45
		150	164.66
		150	164.87
		150	165.09
		150	165.30
		150	165.51
		150	165.72
		150	165.94
		150	166.15
		150	166.36
		150	166.57
		150	166.80
		150	167.01
		150	167.21
		150	167.44
		150	167.63
		150	167.86
		150	168.07
		150	168.28
		150	168.48
		150	168.71
		150	168.92
		150	169.13
		150	169.35
		150	169.56
		150	169.77
		150	169.98
		150	170.21
		150	170.40
		150	170.62
		150	170.83
		150	171.04
		150	171.27
		150	171.48
		150	171.69
		150	171.89
		150	172.12
		150	172.33
		150	172.54
		150	172.75
		150	172.97
		150	173.18
		150	173.39
		150	173.62
		150	173.83
		150	174.03
		150	174.24
		150	174.45
		150	174.66
		150	174.89
		150	175.10
		150	175.31
		150	175.53
		150	175.74
		150	175.95
		150	176.16
		150	176.38
		150	176.59
		150	176.80
		150	177.01
		150	177.24
		150	177.45
		150	177.65
		150	177.88
		150	178.07
		150	178.30
		150	178.51
		150	178.72
		150	178.92
		150	179.15
		150	179.36
		150	179.57
		150	179.79
		150	180.00
		150	180.21
		150	180.42
		150	180.65
		150	180.84
		150	181.06
		150	181.29
		150	181.48
		150	181.71
		150	181.92
		150	182.13
		150	182.33
		150	182.56
		150	182.77
		150	182.98
		150	183.19
		150	183.41
		150	183.62
		150	183.83
		150	184.06
		150	184.27
		150	184.47
		150	184.68
		150	184.89
		150	185.10
		150	185.33
		150	185.54
		150	185.75
		150	185.95
		150	186.18
		150	186.39
		150	186.60
		150	186.82
		150	187.03
		150	187.24
		150	187.45
		150	187.68
		150	187.87
		150	188.09
		150	188.30
		150	188.51
		150	188.72
		150	188.95
		150	189.16
		150	189.36
		150	189.59
		150	189.80
		150	190.01
		150	190.22
		150	190.44
		150	190.63
		150	190.86
		150	191.07
		150	191.28
		150	191.49
		150	191.71
		150	191.92
		150	192.13
		150	192.36
		150	192.57
		150	192.77
		150	192.98
		150	193.21
		150	193.42
		150	193.63
		150	193.84
		150	194.06
		150	194.25
		150	194.48
		150	194.69
		150	194.90
		150	195.12
		150	195.33
		150	195.54
		150	195.75
		150	195.98
		150	196.19
		150	196.39
		150	196.60
		150	196.83
		150	197.02
		150	197.25
		150	197.46
		150	197.66
		150	197.89
		150	198.10
		150	198.31
		150	198.52
		150	198.74
		150	198.95
		150	199.16
		150	199.37
		150	199.60
		150	199.80
		150	200.01
		150	200.22
		150	200.45
		150	200.66
		150	200.87
		150	201.07
		150	201.28
		150	201.51
		150	201.72
		150	201.93
		150	202.14
		150	202.36
		150	202.57
		150	202.78
		150	203.01
		150	203.21
		150	203.42
		150	203.63
		150	203.86
		150	204.05
		150	204.28
		150	204.50
		150	204.69
		150	204.92
		150	205.13
		150	205.34
		150	205.55
		150	205.77
		150	205.98
		150	206.19
		150	206.40
		150	206.63
		150	206.83
		150	207.04
		150	207.27
		150	207.46
		150	207.69
		150	207.90
		150	208.10
		150	208.33
		150	208.54
		150	208.75
		150	208.96
		150	209.18
		150	209.39
		150	209.60
		150	209.81
		150	210.04
		150	210.24
		150	210.45
		150	210.68
		150	210.89
		150	211.10
		150	211.31
		150	211.51
		150	211.72
		150	211.95
		150	212.16
		150	212.37
		150	212.59
		150	212.80
		150	213.01
		150	213.22
		150	213.45
		150	213.65
		150	213.86
		150	214.07
		150	214.30
		150	214.49
		150	214.72
		150	214.94
		150	215.13
		150	215.36
		150	215.57
		150	215.78
		150	215.99
		150	216.21
		150	216.42
		150	216.63
		150	216.84
		150	217.07
		150	217.26
		150	217.48
		150	217.71
		150	217.90
		150	218.13
		150	218.34
		150	218.54
		150	218.75
		150	218.98
		150	219.19
		150	219.40
		150	219.62
		150	219.83
		150	220.04
		150	220.25
		150	220.48
		150	220.68
		150	220.89
		150	221.10
		150	221.33
		150	221.54
		150	221.75
		150	221.95
		150	222.16
		150	222.39
		150	222.60
		150	222.81
		150	223.03
		150	223.24
		150	223.45
		150	223.66
		150	223.89
		150	224.09
		150	224.30
		150	224.51
		150	224.74
		150	224.93
		150	225.16
		150	225.38
		150	225.57
		150	225.80
		150	226.01
		150	226.22
		150	226.43
		150	226.65
		150	226.86
		150	227.07
		150	227.28
		150	227.51
		150	227.71
		150	227.92
		150	228.15
		150	228.34
		150	228.57
		150	228.78
		150	228.98
		150	229.19
		150	229.42
		150	229.63
		150	229.84
		150	230.06
		150	230.27
		150	230.48
		150	230.69
		150	230.92
		150	231.12
		150	231.33
		150	231.54
		150	231.77
		150	231.96
		150	232.19
		150	232.39
		150	232.60
		150	232.83
		150	233.04
		150	233.25
		150	233.46
		150	233.68
		150	233.89
		150	234.10
		150	234.31
		150	234.53
		150	234.74
		150	234.95
		150	235.18
		150	235.37
		150	235.60
		150	235.80
		150	236.01
		150	236.24
		150	236.45
		150	236.66
		150	236.87
		150	237.09
		150	237.30
		150	237.51
		150	237.74
		150	237.95
		150	238.15
		150	238.36
		150	238.59
		150	238.78
		150	239.01
		150	239.22
		150	239.42
		150	239.65
		150	239.86
		150	240.07
		150	240.28
		150	240.50
		150	240.71
		150	240.92
		150	241.13
		150	241.36
		150	241.56
		150	241.77
		150	241.98
		150	242.21
		150	242.42
		150	242.63
		150	242.83
		150	243.04
		150	243.27
		150	243.48
		150	243.69
		150	243.90
		150	244.12
		150	244.33
		150	244.54
		150	244.77
		150	244.97
		150	245.18
		150	245.39
		150	245.62
		150	245.81
		150	246.04
		150	246.26
		150	246.45
		150	246.68
		150	246.89
		150	247.10
		150	247.31
		150	247.53
		150	247.74
		150	247.95
		150	248.18
		150	248.39
		150	248.59
		150	248.80
		150	249.03
		150	249.22
		150	249.45
		150	249.66
		150	249.86
		150	250.09
		150	250.30
		150	250.51
		150	250.72
		150	250.94
		150	251.15
		150	251.36
		150	251.57
		150	251.80
		150	252.00
		150	252.21
		150	252.44
		150	252.65
		150	252.86
		150	253.07
		150	253.27
		150	253.48
		150	253.71
		150	253.92
		150	254.13
		150	254.35
		150	254.56
		150	254.77
		150	254.98
		150	255.21
		150	255.41
		150	255.62
		150	255.85
		150	256.06
		150	256.27
		150	256.48
		150	256.70
		150	256.89
		150	257.12
		150	257.33
		150	257.54
		150	257.75
		150	257.97
		150	258.18
		150	258.39
		150	258.60
		150	258.83
		150	259.03
		150	259.24
		150	259.47
		150	259.66
		150	259.89
		150	260.10
		150	260.30
		150	260.51
		150	260.74
		150	260.95
		150	261.16
		150	261.37
		150	261.59
		150	261.80
		150	262.01
		150	262.24
		150	262.44
		150	262.65
		150	262.86
		150	263.09
		150	263.28
		150	263.51
		150	263.71
		150	263.92
		150	264.13
		150	264.36
		150	264.57
		150	264.78
		150	265.00
		150	265.21
		150	265.42
		150	265.63
		150	265.85
		150	266.05
		150	266.27
		150	266.50
		150	266.69
		150	266.92
		150	267.12
		150	267.33
		150	267.54
		150	267.77
		150	267.98
		150	268.19
		150	268.41
		150	268.62
		150	268.83
		150	269.04
		150	269.27
		150	269.46
		150	269.68
		150	269.91
		150	270.10
		150	270.33
		150	270.54
		150	270.74
		150	270.97
		150	271.18
		150	271.39
		150	271.60
		150	271.82
		150	272.03
		150	272.24
		150	272.45
		150	272.68
		150	272.88
		150	273.09
		150	273.32
		150	273.53
		150	273.74
		150	273.95
		150	274.15
		150	274.36
		150	274.59
		150	274.80
		150	275.01
		150	275.23
		150	275.44
		150	275.65
		150	275.86
		150	276.09
		150	276.29
		150	276.50
		150	276.71
		150	276.94
		150	277.13
		150	277.36
		150	277.58
		150	277.77
		150	278.00
		150	278.21
		150	278.42
		150	278.63
		150	278.85
		150	279.06
		150	279.27
		150	279.50
		150	279.71
		150	279.91
		150	280.12
		150	280.35
		150	280.54
		150	280.77
		150	280.98
		150	281.18
		150	281.41
		150	281.62
		150	281.83
		150	282.04
		150	282.26
		150	282.47
		150	282.68
		150	282.91
		150	283.12
		150	283.32
		150	283.53
		150	283.76
		150	283.97
		150	284.18
		150	284.40
		150	284.59
		150	284.82
		150	285.03
		150	285.24
		150	285.45
		150	285.67
		150	285.88
		150	286.09
		150	286.32
		150	286.53
		150	286.73
		150	286.94
		150	287.17
		150	287.38
		150	287.59
		150	287.81
		150	288.02
		150	288.23
		150	288.44
		150	288.67
		150	288.86
		150	289.08
		150	289.29
		150	289.50
		150	289.71
		150	289.94
		150	290.14
		150	290.35
		150	290.58
		150	290.79
		150	291.00
		150	291.21
		150	291.43
		150	291.64
		150	291.85
		150	292.08
		150	292.27
		150	292.49
		150	292.70
		150	292.91
		150	293.12
		150	293.35
		150	293.56
		150	293.76
		150	293.99
		150	294.20
		150	294.41
		150	294.62
		150	294.84
		150	295.03
		150	295.26
		150	295.47
		150	295.68
		150	295.89
		150	296.11
		150	296.32
		150	296.53
		150	296.76
		150	296.97
		150	297.17
		150	297.38
		150	297.61
		150	297.82
		150	298.03
		150	298.25
		150	298.46
		150	298.67
		150	298.88
		150	299.11
		150	299.30
		150	299.52
		150	299.73
		150	299.94
		150	300.17
		150	300.38
		150	300.58
		150	300.79
		150	301.02
		150	301.23
		150	301.44
		150	301.66
		150	301.87
		150	302.08
		150	302.29
		150	302.52
		150	302.73
		150	302.93
		150	303.16
		150	303.35
		150	303.58
		150	303.79
		150	304.00
		150	304.20
		150	304.43
		150	304.64
		150	304.85
		150	305.07
		150	305.28
		150	305.49
		150	305.70
		150	305.93
		150	306.12
		150	306.34
		150	306.55
		150	306.76
		150	306.99
		150	307.20
		150	307.41
		150	307.61
		150	307.84
		150	308.05
		150	308.26
		150	308.47
		150	308.69
		150	308.90
		150	309.11
		150	309.34
		150	309.55
		150	309.75
		150	309.96
		150	310.17
		150	310.38
		150	310.61
		150	310.82
		150	311.02
		150	311.23
		150	311.46
		150	311.67
		150	311.88
		150	312.10
		150	312.31
		150	312.52
		150	312.73
		150	312.96
		150	313.17
		150	313.37
		150	313.60
		150	313.79
		150	314.02
		150	314.23
		150	314.44
		150	314.64
		150	314.87
		150	315.08
		150	315.29
		150	315.51
		150	315.72
		150	315.93
		150	316.14
		150	316.37
		150	316.56
		150	316.78
		150	317.01
		150	317.20
		150	317.43
		150	317.64
		150	317.85
		150	318.05
		150	318.28
		150	318.49
		150	318.70
		150	318.91
		150	319.13
		150	319.34
		150	319.55
		150	319.78
		150	319.99
		150	320.19
		150	320.40
		150	320.61
		150	320.82
		150	321.05
		150	321.26
		150	321.47
		150	321.67
		150	321.90
		150	322.11
		150	322.32
		150	322.54
		150	322.75
		150	322.96
		150	323.17
		150	323.40
		150	323.59
		150	323.81
		150	324.02
		150	324.23
		150	324.44
		150	324.67
		150	324.88
		150	325.08
		150	325.31
		150	325.52
		150	325.73
		150	325.94
		150	326.16
		150	326.37
		150	326.58
		150	326.81
		150	327.00
		150	327.22
		150	327.43
		150	327.64
		150	327.85
		150	328.08
		150	328.29
		150	328.49
		150	328.70
		150	328.93
		150	329.14
		150	329.35
		150	329.57
		150	329.78
		150	329.99
		150	330.20
		150	330.43
		150	330.62
		150	330.84
		150	331.05
		150	331.26
		150	331.49
		150	331.70
		150	331.91
		150	332.11
		150	332.34
		150	332.55
		150	332.76
		150	332.98
		150	333.19
		150	333.40
		150	333.61
		150	333.84
		150	334.03
		150	334.25
		150	334.46
		150	334.67
		150	334.88
		150	335.11
		150	335.32
		150	335.52
		150	335.75
		150	335.96
		150	336.17
		150	336.38
		150	336.60
		150	336.79
		150	337.02
		150	337.23
		150	337.44
		150	337.65
		150	337.87
		150	338.08
		150	338.29
		150	338.52
		150	338.73
		150	338.93
		150	339.14
		150	339.37
		150	339.58
		150	339.79
		150	340.01
		150	340.22
		150	340.43
		150	340.64
		150	340.87
		150	341.07
		150	341.28
		150	341.49
		150	341.70
		150	341.93
		150	342.14
		150	342.35
		150	342.55
		150	342.78
		150	342.99
		150	343.20
		150	343.42
		150	343.63
		150	343.84
		150	344.05
		150	344.28
		150	344.49
		150	344.69
		150	344.92
		150	345.11
		150	345.34
		150	345.56
		150	345.76
		150	345.98
		150	346.19
		150	346.40
		150	346.61
		150	346.83
		150	347.04
		150	347.25
		150	347.46
		150	347.69
		150	347.90
		150	348.10
		150	348.33
		150	348.52
		150	348.75
		150	348.96
		150	349.17
		150	349.37
		150	349.60
		150	349.81
		150	350.02
		150	350.24
		150	350.45
		150	350.66
		150	350.87
		150	351.10
		150	351.31
		150	351.51
		150	351.72
		150	351.93
		150	352.16
		150	352.37
		150	352.58
		150	352.79
		150	353.01
		150	353.22
		150	353.43
		150	353.66
		150	353.86
		150	354.07
		150	354.28
		150	354.51
		150	354.72
		150	354.93
		150	355.13
		150	355.36
		150	355.57
		150	355.78
		150	356.00
		150	356.20
		150	356.42
		150	356.63
		150	356.84
		150	357.07
		150	357.27
		150	357.48
		150	357.69
		150	357.92
		150	358.13
		150	358.34
		150	358.56
		150	358.77
		150	358.98
		150	359.19
		150	359.41
		150	359.61
		150	359.83
		150	360.04
		150	360.25
		150	360.48
		150	360.68
		150	360.89
		150	361.10
		150	361.33
		150	361.54
		150	361.75
		150	361.97
		150	362.18
		150	362.39
		150	362.60
		150	362.82
		150	363.02
		150	363.24
		150	363.45
		150	363.66
		150	363.87
		150	364.10
		150	364.30
		150	364.51
		150	364.74
		150	364.95
		150	365.16
		150	365.37
		150	365.59
		150	365.80
		150	366.01
		150	366.22
		150	366.44
		150	366.64
		150	366.86
		150	367.07
		150	367.28
		150	367.51
		150	367.71
		150	367.92
		150	368.13
		150	368.36
		150	368.57
		150	368.78
		150	368.98
		150	369.21
		150	369.40
		150	369.63
		150	369.85
		150	370.05
		150	370.27
		150	370.48
		150	370.69
		150	370.90
		150	371.12
		150	371.33
		150	371.54
		150	371.77
		150	371.98
		150	372.19
		150	372.39
		150	372.62
		150	372.81
		150	373.04
		150	373.25
		150	373.46
		150	373.67
		150	373.89
		150	374.10
		150	374.31
		150	374.54
		150	374.74
		150	374.95
		150	375.16
		150	375.39
		150	375.60
		150	375.81
		150	376.03
		150	376.24
		150	376.45
		150	376.66
		150	376.88
		150	377.08
		150	377.30
		150	377.51
		150	377.72
		150	377.93
		150	378.15
		150	378.36
		150	378.57
		150	378.80
		150	379.01
		150	379.22
		150	379.42
		150	379.65
		150	379.84
		150	380.07
		150	380.28
		150	380.49
		150	380.69
		150	380.92
		150	381.13
		150	381.34
		150	381.55
		150	381.77
		150	381.98
		150	382.19
		150	382.42
		150	382.63
		150	382.83
		150	383.04
		150	383.25
		150	383.46
		150	383.69
		150	383.90
		150	384.11
		150	384.33
		150	384.54
		150	384.75
		150	384.96
		150	385.18
		150	385.39
		150	385.60
		150	385.81
		150	386.04
		150	386.23
		150	386.45
		150	386.68
		150	386.87
		150	387.10
		150	387.31
		150	387.52
		150	387.72
		150	387.95
		150	388.16
		150	388.37
		150	388.58
		150	388.80
		150	389.01
		150	389.22
		150	389.45
		150	389.64
		150	389.86
		150	390.07
		150	390.28
		150	390.51
		150	390.72
		150	390.93
		150	391.13
		150	391.36
		150	391.57
		150	391.78
		150	391.99
		150	392.21
		150	392.42
		150	392.63
		150	392.86
		150	393.07
		150	393.27
		150	393.48
		150	393.69
		150	393.90
		150	394.13
		150	394.34
		150	394.55
		150	394.75
		150	394.98
		150	395.19
		150	395.40
		150	395.62
		150	395.83
		150	396.04
		150	396.25
		150	396.48
		150	396.67
		150	396.89
		150	397.10
		150	397.31
		150	397.52
		150	397.75
		150	397.96
		150	398.16
		150	398.39
		150	398.60
		150	398.81
		150	399.02
		150	399.24
		150	399.43
		150	399.66
		150	399.87
		150	400.08
		150	400.29
		150	400.51
		150	400.72
		150	400.93
		150	401.16
		150	401.37
		150	401.57
		150	401.78
		150	402.01
		150	402.22
		150	402.43
		150	402.65
		150	402.86
		150	403.07
		150	403.28
		150	403.51
		150	403.70
		150	403.92
		150	404.13
		150	404.34
		150	404.57
		150	404.78
		150	404.99
		150	405.19
		150	405.42
		150	405.63
		150	405.84
		150	406.06
		150	406.27
		150	406.48
		150	406.69
		150	406.92
		150	407.11
		150	407.33
		150	407.54
		150	407.75
		150	407.96
		150	408.19
		150	408.40
		150	408.60
		150	408.83
		150	409.04
		150	409.25
		150	409.46
		150	409.68
		150	409.87
		150	410.10
		150	410.31
		150	410.52
		150	410.73
		150	410.95
		150	411.16
		150	411.37
		150	411.58
		150	411.81
		150	412.01
		150	412.22
		150	412.43
		150	412.66
		150	412.87
		150	413.08
		150	413.30
		150	413.49
		150	413.72
		150	413.93
		150	414.14
		150	414.35
		150	414.57
		150	414.78
		150	414.99
		150	415.22
		150	415.43
		150	415.63
		150	415.84
		150	416.07
		150	416.26
		150	416.49
		150	416.70
		150	416.90
		150	417.13
		150	417.34
		150	417.55
		150	417.76
		150	417.98
		150	418.19
		150	418.40
		150	418.61
		150	418.84
		150	419.04
		150	419.25
		150	419.48
		150	419.69
		150	419.90
		150	420.11
		150	420.31
		150	420.52
		150	420.75
		150	420.96
		150	421.17
		150	421.39
		150	421.60
		150	421.81
		150	422.02
		150	422.25
		150	422.45
		150	422.66
		150	422.89
		150	423.10
		150	423.31
		150	423.52
		150	423.74
		150	423.93
		150	424.16
		150	424.37
		150	424.58
		150	424.79
		150	425.01
		150	425.22
		150	425.43
		150	425.64
		150	425.87
		150	426.06
		150	426.28
		150	426.51
		150	426.70
		150	426.93
		150	427.14
		150	427.34
		150	427.55
		150	427.78
		150	427.99
		150	428.20
		150	428.41
		150	428.63
		150	428.84
		150	429.05
		150	429.28
		150	429.48
		150	429.69
		150	429.90
		150	430.13
		150	430.34
		150	430.55
		150	430.75
		150	430.96
		150	431.19
		150	431.40
		150	431.61
		150	431.82
		150	432.04
		150	432.25
		150	432.46
		150	432.69
		150	432.89
		150	433.10
		150	433.31
		150	433.54
		150	433.73
		150	433.96
		150	434.18
		150	434.37
		150	434.60
		150	434.81
		150	435.02
		150	435.23
		150	435.45
		150	435.66
		150	435.87
		150	436.10
		150	436.30
		150	436.51
		150	436.72
		150	436.95
		150	437.14
		150	437.37
		150	437.58
		150	437.78
		150	438.01
		150	438.22
		150	438.43
		150	438.64
		150	438.86
		150	439.07
		150	439.28
		150	439.51
		150	439.72
		150	439.92
		150	440.13
		150	440.36
		150	440.57
		150	440.78
		150	440.99
		150	441.19
		150	441.40
		150	441.63
		150	441.84
		150	442.05
		150	442.27
		150	442.48
		150	442.69
		150	442.90
		150	443.13
		150	443.33
		150	443.54
		150	443.75
		150	443.98
		150	444.17
		150	444.40
		150	444.62
		150	444.81
		150	445.04
		150	445.25
		150	445.46
		150	445.67
		150	445.89
		150	446.10
		150	446.31
		150	446.52
		150	446.75
		150	446.94
		150	447.16
		150	447.39
		150	447.58
		150	447.81
		150	448.02
		150	448.22
		150	448.43
		150	448.66
		150	448.87
		150	449.08
		150	449.29
		150	449.51
		150	449.72
		150	449.93
		150	450.16
		150	450.36
		150	450.57
		150	450.78
		150	451.01
		150	451.22
		150	451.43
		150	451.63
		150	451.84
		150	452.07
		150	452.28
		150	452.49
		150	452.71
		150	452.92
		150	453.13
		150	453.34
		150	453.57
		150	453.77
		150	453.98
		150	454.21
		150	454.42
		150	454.63
		150	454.84
		150	455.06
		150	455.27
		150	455.48
		150	455.71
		150	455.90
		150	456.12
		150	456.33
		150	456.54
		150	456.75
		150	456.98
		150	457.19
		150	457.39
		150	457.62
		150	457.83
		150	458.04
		150	458.25
		150	458.47
		150	458.66
		150	458.89
		150	459.10
		150	459.31
		150	459.53
		150	459.74
		150	459.95
		150	460.16
		150	460.39
		150	460.60
		150	460.80
		150	461.01
		150	461.24
		150	461.45
		150	461.66
		150	461.88
		150	462.07
		150	462.30
		150	462.51
		150	462.72
		150	462.93
		150	463.15
		150	463.36
		150	463.57
		150	463.80
		150	464.01
		150	464.21
		150	464.42
		150	464.65
		150	464.86
		150	465.07
		150	465.29
		150	465.50
		150	465.71
		150	465.92
		150	466.15
		150	466.34
		150	466.56
		150	466.77
		150	466.98
		150	467.21
		150	467.42
		150	467.63
		150	467.83
		150	468.06
		150	468.27
		150	468.48
		150	468.70
		150	468.91
		150	469.12
		150	469.33
		150	469.56
		150	469.77
		150	469.97
		150	470.20
		150	470.39
		150	470.62
		150	470.83
		150	471.04
		150	471.24
		150	471.47
		150	471.68
		150	471.89
		150	472.11
		150	472.32
		150	472.53
		150	472.74
		150	472.97
		150	473.16
		150	473.38
		150	473.59
		150	473.80
		150	474.01
		150	474.24
		150	474.45
		150	474.65
		150	474.86
		150	475.09
		150	475.30
		150	475.51
		150	475.73
		150	475.94
		150	476.15
		150	476.36
		150	476.59
		150	476.78
		150	477.00
		150	477.21
		150	477.42
		150	477.65
		150	477.86
		150	478.07
		150	478.27
		150	478.50
		150	478.71
		150	478.92
		150	479.14
		150	479.35
		150	479.56
		150	479.77
		150	480.00
		150	480.19
		150	480.41
		150	480.64
		150	480.83
		150	481.06
		150	481.27
		150	481.48
		150	481.68
		150	481.91
		150	482.12
		150	482.33
		150	482.55
		150	482.76
		150	482.97
		150	483.18
		150	483.41
		150	483.60
		150	483.82
		150	484.05
		150	484.24
		150	484.47
		150	484.68
		150	484.89
		150	485.09
		150	485.32
		150	485.53
		150	485.74
		150	485.96
		150	486.17
		150	486.38
		150	486.59
		150	486.82
		150	487.03
		150	487.23
		150	487.46
		150	487.65
		150	487.88
		150	488.09
		150	488.30
		150	488.51
		150	488.73
		150	488.94
		150	489.15
		150	489.38
		150	489.58
		150	489.79
		150	490.00
		150	490.23
		150	490.44
		150	490.65
		150	490.85
		150	491.08
		150	491.29
		150	491.50
		150	491.72
		150	491.92
		150	492.14
		150	492.35
		150	492.56
		150	492.77
		150	492.99
		150	493.20
		150	493.41
		150	493.64
		150	493.85
		150	494.06
		150	494.26
		150	494.49
		150	494.68
		150	494.91
		150	495.12
		150	495.33
		150	495.55
		150	495.76
		150	495.97
		150	496.18
		150	496.40
		150	496.61
		150	496.82
		150	497.05
		150	497.26
		150	497.47
		150	497.67
		150	497.90
		150	498.09
		150	498.32
		150	498.54
		150	498.74
		150	498.96
		150	499.17
		150	499.38
		150	499.59
		150	499.82
		150	500.02
		150	500.23
		150	500.46
		150	500.67
		150	500.88
		150	501.10
		150	501.31
		150	501.52
		150	501.73
		150	501.96
		150	502.16
		150	502.37
		150	502.60
		150	502.79
		150	503.02
		150	503.23
		150	503.43
		150	503.64
		150	503.87
		150	504.08
		150	504.29
		150	504.51
		150	504.72
		150	504.93
		150	505.14
		150	505.37
		150	505.57
		150	505.78
		150	505.99
		150	506.22
		150	506.43
		150	506.64
		150	506.86
		150	507.05
		150	507.28
		150	507.49
		150	507.70
		150	507.91
		150	508.13
		150	508.34
		150	508.55
		150	508.76
		150	508.98
		150	509.19
		150	509.40
		150	509.63
		150	509.82
		150	510.05
		150	510.26
		150	510.46
		150	510.67
		150	510.90
		150	511.11
		150	511.32
		150	511.54
		150	511.75
		150	511.96
		150	512.17
		150	512.40
		150	512.60
		150	512.81
		150	513.04
		150	513.23
		150	513.46
		150	513.67
		150	513.87
		150	514.10
		150	514.31
		150	514.52
		150	514.73
		150	514.95
		150	515.16
		150	515.37
		150	515.60
		150	515.81
		150	516.01
		150	516.22
		150	516.45
		150	516.66
		150	516.87
		150	517.09
		150	517.30
		150	517.51
		150	517.72
		150	517.93
		150	518.14
		150	518.36
		150	518.57
		150	518.78
		150	519.01
		150	519.22
		150	519.42
		150	519.63
		150	519.86
		150	520.07
		150	520.28
		150	520.50
		150	520.71
		150	520.92
		150	521.13
		150	521.36
		150	521.55
		150	521.77
		150	521.98
		150	522.19
		150	522.40
		150	522.63
		150	522.84
		150	523.04
		150	523.27
		150	523.48
		150	523.69
		150	523.90
		150	524.12
		150	524.31
		150	524.54
		150	524.75
		150	524.96
		150	525.17
		150	525.39
		150	525.60
		150	525.81
		150	526.04
		150	526.25
		150	526.45
		150	526.66
		150	526.89
		150	527.10
		150	527.31
		150	527.53
		150	527.74
		150	527.95
		150	528.16
		150	528.37
		150	528.58
		150	528.80
		150	529.01
		150	529.22
		150	529.45
		150	529.66
		150	529.86
		150	530.07
		150	530.30
		150	530.51
		150	530.72
		150	530.94
		150	531.15
		150	531.36
		150	531.57
		150	531.80
		150	531.99
		150	532.21
		150	532.44
		150	532.63
		150	532.86
		150	533.07
		150	533.28
		150	533.48
		150	533.71
		150	533.92
		150	534.13
		150	534.35
		150	534.56
		150	534.77
		150	534.98
		150	535.21
		150	535.40
		150	535.62
		150	535.83
		150	536.04
		150	536.25
		150	536.48
		150	536.69
		150	536.89
		150	537.12
		150	537.33
		150	537.54
		150	537.75
		150	537.97
		150	538.18
		150	538.39
		150	538.60
		150	538.81
		150	539.02
		150	539.24
		150	539.45
		150	539.66
		150	539.89
		150	540.10
		150	540.30
		150	540.51
		150	540.74
		150	540.95
		150	541.16
		150	541.37
		150	541.59
		150	541.78
		150	542.01
		150	542.22
		150	542.43
		150	542.65
		150	542.86
		150	543.07
		150	543.28
		150	543.51
		150	543.72
		150	543.92
		150	544.15
		150	544.36
		150	544.57
		150	544.78
		150	545.00
		150	545.19
		150	545.42
		150	545.63
		150	545.84
		150	546.06
		150	546.27
		150	546.48
		150	546.69
		150	546.92
		150	547.13
		150	547.33
		150	547.56
		150	547.77
		150	547.98
		150	548.19
		150	548.41
		150	548.62
		150	548.83
		150	549.04
		150	549.25
		150	549.47
		150	549.68
		150	549.89
		150	550.10
		150	550.33
		150	550.54
		150	550.74
		150	550.95
		150	551.18
		150	551.39
		150	551.60
		150	551.82
		150	552.03
		150	552.24
		150	552.45
		150	552.68
		150	552.87
		150	553.09
		150	553.30
		150	553.51
		150	553.74
		150	553.95
		150	554.16
		150	554.36
		150	554.59
		150	554.80
		150	555.01
		150	555.23
		150	555.44
		150	555.65
		150	555.86
		150	556.09
		150	556.28
		150	556.50
		150	556.71
		150	556.92
		150	557.13
		150	557.36
		150	557.57
		150	557.77
		150	558.00
		150	558.21
		150	558.42
		150	558.63
		150	558.85
		150	559.06
		150	559.27
		150	559.50
		150	559.69
		150	559.91
		150	560.12
		150	560.33
		150	560.56
		150	560.77
		150	560.98
		150	561.18
		150	561.41
		150	561.62
		150	561.83
		150	562.05
		150	562.26
		150	562.47
		150	562.68
		150	562.91
		150	563.12
		150	563.33
		150	563.53
		150	563.76
		150	563.97
		150	564.18
		150	564.39
		150	564.60
		150	564.82
		150	565.03
		150	565.24
		150	565.45
		150	565.67
		150	565.88
		150	566.09
		150	566.32
		150	566.53
		150	566.74
		150	566.94
		150	567.17
		150	567.36
		150	567.59
		150	567.81
		150	568.01
		150	568.23
		150	568.44
		150	568.65
		150	568.86
		150	569.08
		150	569.29
		150	569.50
		150	569.71
		150	569.94
		150	570.15