		200	0.00
		200	0.00
		200	0.00
		200	0.00
		200	0.00
		200	0.02
		200	0.10
		200	0.23
		200	0.40
		200	0.56
		200	0.75
		200	0.92
		200	1.11
		200	1.29
		200	1.48
		200	1.67
		200	1.86
		200	2.04
		200	2.24
		200	2.42
		200	2.61
		200	2.80
		200	2.99
		200	3.17
		200	3.36
		200	3.55
		200	3.74
		200	3.93
		200	4.12
		200	4.30
		200	4.49
		200	4.68
		200	4.87
		200	5.05
		200	5.25
		200	5.43
		200	5.62
		200	5.81
		200	6.00
		200	6.18
		200	6.37
		200	6.56
		200	6.75
		200	6.94
		200	7.13
		200	7.31
		200	7.50
		200	7.69
		200	7.88
		200	8.06
		200	8.27
		200	8.44
		200	8.63
		200	8.82
		200	9.01
		200	9.19
		200	9.40
		200	9.57
		200	9.76
		200	9.95
		200	10.14
		200	10.35
		200	10.54
		200	10.75
		200	10.96
		200	11.15
		200	11.36
		200	11.55
		200	11.76
		200	11.97
		200	12.18
		200	12.39
		200	12.58
		200	12.79
		200	13.00
		200	13.21
		200	13.40
		200	13.61
		200	13.80
		200	14.01
		200	14.22
		200	14.42
		200	14.62
		200	14.82
		200	15.03
		200	15.24
		200	15.45
		200	15.64
		200	15.85
		200	16.06
		200	16.25
		200	16.46
		200	16.65
		200	16.86
		200	17.07
		200	17.28
		200	17.49
		200	17.68
		200	17.89
		200	18.10
		200	18.30
		200	18.50
		200	18.70
		200	18.90
		200	19.11
		200	19.31
		200	19.52
		200	19.71
		200	19.92
		200	20.13
		200	20.34
		200	20.55
		200	20.74
		200	20.95
		200	21.16
		200	21.35
		200	21.56
		200	21.75
		200	21.96
		200	22.17
		200	22.38
		200	22.59
		200	22.78
		200	22.99
		200	23.19
		200	23.40
		200	23.59
		200	23.80
		200	24.01
		200	24.20
		200	24.41
		200	24.60
		200	24.81
		200	25.02
		200	25.23
		200	25.44
		200	25.63
		200	25.84
		200	26.05
		200	26.26
		200	26.45
		200	26.66
		200	26.85
		200	27.06
		200	27.27
		200	27.47
		200	27.67
		200	27.87
		200	28.08
		200	28.29
		200	28.50
		200	28.69
		200	28.90
		200	29.11
		200	29.30
		200	29.51
		200	29.70
		200	29.91
		200	30.12
		200	30.33
		200	30.54
		200	30.73
		200	30.94
		200	31.15
		200	31.35
		200	31.55
		200	31.76
		200	31.95
		200	32.16
		200	32.36
		200	32.57
		200	32.76
		200	32.97
		200	33.18
		200	33.39
		200	33.60
		200	33.79
		200	34.00
		200	34.21
		200	34.40
		200	34.61
		200	34.80
		200	35.01
		200	35.22
		200	35.43
		200	35.64
		200	35.83
		200	36.04
		200	36.24
		200	36.45
		200	36.64
		200	36.85
		200	37.06
		200	37.25
		200	37.46
		200	37.67
		200	37.86
		200	38.07
		200	38.28
		200	38.49
		200	38.70
		200	38.89
		200	39.10
		200	39.31
		200	39.50
		200	39.71
		200	39.90
		200	40.11
		200	40.32
		200	40.52
		200	40.73
		200	40.92
		200	41.13
		200	41.34
		200	41.55
		200	41.76
		200	41.95
		200	42.16
		200	42.35
		200	42.56
		200	42.77
		200	42.96
		200	43.17
		200	43.38
		200	43.59
		200	43.80
		200	43.99
		200	44.20
		200	44.40
		200	44.60
		200	44.81
		200	45.00
		200	45.21
		200	45.41
		200	45.62
		200	45.83
		200	46.02
		200	46.23
		200	46.44
		200	46.65
		200	46.86
		200	47.05
		200	47.26
		200	47.45
		200	47.66
		200	47.87
		200	48.06
		200	48.27
		200	48.48
		200	48.69
		200	48.89
		200	49.09
		200	49.29
		200	49.50
		200	49.69
		200	49.90
		200	50.11
		200	50.30
		200	50.51
		200	50.72
		200	50.93
		200	51.12
		200	51.33
		200	51.54
		200	51.75
		200	51.96
		200	52.15
		200	52.36
		200	52.55
		200	52.76
		200	52.97
		200	53.17
		200	53.37
		200	53.57
		200	53.78
		200	53.99
		200	54.20
		200	54.39
		200	54.60
		200	54.81
		200	55.00
		200	55.21
		200	55.40
		200	55.61
		200	55.82
		200	56.03
		200	56.24
		200	56.43
		200	56.64
		200	56.85
		200	57.05
		200	57.25
		200	57.45
		200	57.65
		200	57.86
		200	58.06
		200	58.26
		200	58.46
		200	58.67
		200	58.88
		200	59.09
		200	59.28
		200	59.49
		200	59.70
		200	59.91
		200	60.10
		200	60.31
		200	60.50
		200	60.71
		200	60.92
		200	61.13
		200	61.32
		200	61.53
		200	61.74
		200	61.94
		200	62.14
		200	62.34
		200	62.55
		200	62.74
		200	62.95
		200	63.16
		200	63.35
		200	63.56
		200	63.77
		200	63.98
		200	64.17
		200	64.38
		200	64.59
		200	64.80
		200	65.01
		200	65.20
		200	65.41
		200	65.60
		200	65.81
		200	66.00
		200	66.21
		200	66.42
		200	66.62
		200	66.83
		200	67.02
		200	67.23
		200	67.44
		200	67.65
		200	67.86
		200	68.05
		200	68.26
		200	68.45
		200	68.66
		200	68.87
		200	69.06
		200	69.27
		200	69.48
		200	69.69
		200	69.90
		200	70.09
		200	70.30
		200	70.50
		200	70.70
		200	70.90
		200	71.10
		200	71.31
		200	71.51
		200	71.72
		200	71.91
		200	72.12
		200	72.33
		200	72.54
		200	72.73
		200	72.94
		200	73.15
		200	73.36
		200	73.55
		200	73.76
		200	73.95
		200	74.16
		200	74.37
		200	74.58
		200	74.77
		200	74.98
		200	75.19
		200	75.39
		200	75.60
		200	75.79
		200	76.00
		200	76.21
		200	76.40
		200	76.61
		200	76.80
		200	77.01
		200	77.22
		200	77.43
		200	77.64
		200	77.83
		200	78.04
		200	78.25
		200	78.46
		200	78.65
		200	78.86
		200	79.05
		200	79.26
		200	79.47
		200	79.67
		200	79.87
		200	80.07
		200	80.28
		200	80.49
		200	80.70
		200	80.89
		200	81.10
		200	81.31
		200	81.50
		200	81.71
		200	81.90
		200	82.11
		200	82.32
		200	82.53
		200	82.74
		200	82.93
		200	83.14
		200	83.35
		200	83.55
		200	83.75
		200	83.95
		200	84.15
		200	84.36
		200	84.56
		200	84.77
		200	84.96
		200	85.17
		200	85.38
		200	85.59
		200	85.80
		200	85.99
		200	86.20
		200	86.41
		200	86.60
		200	86.81
		200	87.00
		200	87.21
		200	87.42
		200	87.63
		200	87.84
		200	88.03
		200	88.24
		200	88.44
		200	88.65
		200	88.84
		200	89.05
		200	89.26
		200	89.45
		200	89.66
		200	89.87
		200	90.06
		200	90.27
		200	90.48
		200	90.69
		200	90.90
		200	91.09
		200	91.30
		200	91.51
		200	91.70
		200	91.91
		200	92.10
		200	92.31
		200	92.52
		200	92.72
		200	92.93
		200	93.12
		200	93.33
		200	93.54
		200	93.75
		200	93.96
		200	94.15
		200	94.36
		200	94.55
		200	94.76
		200	94.95
		200	95.16
		200	95.37
		200	95.58
		200	95.79
		200	95.98
		200	96.19
		200	96.40
		200	96.60
		200	96.80
		200	97.01
		200	97.20
		200	97.41
		200	97.61
		200	97.82
		200	98.01
		200	98.22
		200	98.43
		200	98.64
		200	98.85
		200	99.04
		200	99.25
		200	99.46
		200	99.65
		200	99.86
		200	100.05
		200	100.28
		200	100.50
		200	100.73
		200	100.94
		200	101.16
		200	101.37
		200	101.60
		200	101.82
		200	102.03
		200	102.26
		200	102.47
		200	102.69
		200	102.92
		200	103.15
		200	103.36
		200	103.58
		200	103.79
		200	104.02
		200	104.23
		200	104.45
		200	104.68
		200	104.89
		200	105.11
		200	105.34
		200	105.55
		200	105.77
		200	106.00
		200	106.21
		200	106.44
		200	106.64
		200	106.87
		200	107.08
		200	107.31
		200	107.53
		200	107.74
		200	107.97
		200	108.19
		200	108.40
		200	108.63
		200	108.85
		200	109.06
		200	109.29
		200	109.50
		200	109.72
		200	109.93
		200	110.16
		200	110.37
		200	110.59
		200	110.82
		200	111.05
		200	111.26
		200	111.48
		200	111.71
		200	111.92
		200	112.14
		200	112.35
		200	112.58
		200	112.79
		200	113.01
		200	113.24
		200	113.47
		200	113.67
		200	113.90
		200	114.11
		200	114.34
		200	114.54
		200	114.77
		200	115.00
		200	115.21
		200	115.43
		200	115.66
		200	115.88
		200	116.09
		200	116.32
		200	116.53
		200	116.75
		200	116.96
		200	117.19
		200	117.40
		200	117.62
		200	117.85
		200	118.08
		200	118.29
		200	118.51
		200	118.72
		200	118.95
		200	119.17
		200	119.38
		200	119.61
		200	119.82
		200	120.04
		200	120.25
		200	120.50
		200	120.70
		200	120.93
		200	121.14
		200	121.37
		200	121.57
		200	121.80
		200	122.03
		200	122.23
		200	122.46
		200	122.67
		200	122.90
		200	123.12
		200	123.35
		200	123.56
		200	123.78
		200	123.99
		200	124.22
		200	124.43
		200	124.65
		200	124.86
		200	125.09
		200	125.31
		200	125.54
		200	125.75
		200	125.98
		200	126.20
		200	126.41
		200	126.64
		200	126.85
		200	127.07
		200	127.28
		200	127.51
		200	127.72
		200	127.94
		200	128.17
		200	128.39
		200	128.60
		200	128.83
		200	129.04
		200	129.26
		200	129.49
		200	129.70
		200	129.93
		200	130.13
		200	130.38
		200	130.59
		200	130.81
		200	131.02
		200	131.25
		200	131.46
		200	131.68
		200	131.89
		200	132.12
		200	132.34
		200	132.55
		200	132.78
		200	133.01
		200	133.21
		200	133.44
		200	133.67
		200	133.88
		200	134.10
		200	134.31
		200	134.54
		200	134.75
		200	134.97
		200	135.20
		200	135.41
		200	135.63
		200	135.84
		200	136.07
		200	136.29
		200	136.52
		200	136.73
		200	136.96
		200	137.16
		200	137.39
		200	137.60
		200	137.83
		200	138.03
		200	138.26
		200	138.49
		200	138.71
		200	138.92
		200	139.15
		200	139.37
		200	139.58
		200	139.81
		200	140.02
		200	140.24
		200	140.45
		200	140.70
		200	140.91
		200	141.13
		200	141.34
		200	141.57
		200	141.78
		200	142.00
		200	142.21
		200	142.44
		200	142.66
		200	142.87
		200	143.10
		200	143.32
		200	143.55
		200	143.76
		200	143.99
		200	144.19
		200	144.42
		200	144.63
		200	144.86
		200	145.06
		200	145.29
		200	145.52
		200	145.74
		200	145.95
		200	146.18
		200	146.39
		200	146.61
		200	146.84
		200	147.05
		200	147.27
		200	147.48
		200	147.71
		200	147.92
		200	148.14
		200	148.37
		200	148.60
		200	148.80
		200	149.03
		200	149.24
		200	149.47
		200	149.69
		200	149.90
		200	150.13
		200	150.34
		200	150.56
		200	150.79
		200	151.01
		200	151.22
		200	151.45
		200	151.66
		200	151.88
		200	152.09
		200	152.32
		200	152.53
		200	152.75
		200	152.98
		200	153.21
		200	153.42
		200	153.64
		200	153.87
		200	154.08
		200	154.30
		200	154.51
		200	154.74
		200	154.95
		200	155.17
		200	155.40
		200	155.63
		200	155.83
		200	156.06
		200	156.27
		200	156.50
		200	156.70
		200	156.93
		200	157.16
		200	157.37
		200	157.59
		200	157.80
		200	158.03
		200	158.25
		200	158.48
		200	158.69
		200	158.91
		200	159.12
		200	159.35
		200	159.56
		200	159.78
		200	160.01
		200	160.22
		200	160.45
		200	160.67
		200	160.88
		200	161.11
		200	161.33
		200	161.54
		200	161.77
		200	161.98
		200	162.20
		200	162.41
		200	162.64
		200	162.86
		200	163.09
		200	163.30
		200	163.53
		200	163.73
		200	163.96
		200	164.19
		200	164.40
		200	164.62
		200	164.83
		200	165.06
		200	165.28
		200	165.51
		200	165.72
		200	165.94
		200	166.15
		200	166.38
		200	166.59
		200	166.81
		200	167.04
		200	167.25
		200	167.48
		200	167.70
		200	167.91
		200	168.14
		200	168.36
		200	168.57
		200	168.80
		200	169.01
		200	169.23
		200	169.44
		200	169.67
		200	169.88
		200	170.12
		200	170.33
		200	170.55
		200	170.76
		200	170.99
		200	171.22
		200	171.42
		200	171.65
		200	171.86
		200	172.09
		200	172.29
		200	172.52
		200	172.75
		200	172.97
		200	173.18
		200	173.41
		200	173.62
		200	173.84
		200	174.05
		200	174.28
		200	174.50
		200	174.71
		200	174.94
		200	175.17
		200	175.39
		200	175.60
		200	175.83
		200	176.04
		200	176.26
		200	176.47
		200	176.70
		200	176.91
		200	177.13
		200	177.36
		200	177.58
		200	177.79
		200	178.02
		200	178.23
		200	178.45
		200	178.68
		200	178.89
		200	179.12
		200	179.32
		200	179.55
		200	179.76
		200	180.00
		200	180.21
		200	180.44
		200	180.65
		200	180.87
		200	181.08
		200	181.31
		200	181.53
		200	181.74
		200	181.97
		200	182.18
		200	182.40
		200	182.63
		200	182.86
		200	183.07
		200	183.29
		200	183.50
		200	183.73
		200	183.94
		200	184.16
		200	184.37
		200	184.60
		200	184.82
		200	185.03
		200	185.26
		200	185.48
		200	185.71
		200	185.92
		200	186.15
		200	186.35
		200	186.58
		200	186.79
		200	187.02
		200	187.22
		200	187.45
		200	187.68
		200	187.90
		200	188.11
		200	188.34
		200	188.55
		200	188.77
		200	189.00
		200	189.21
		200	189.43
		200	189.64
		200	189.87
		200	190.08
		200	190.30
		200	190.53
		200	190.76
		200	190.97
		200	191.19
		200	191.40
		200	191.63
		200	191.85
		200	192.06
		200	192.29
		200	192.50
		200	192.72
		200	192.95
		200	193.17
		200	193.38
		200	193.61
		200	193.82
		200	194.04
		200	194.25
		200	194.48
		200	194.71
		200	194.91
		200	195.14
		200	195.35
		200	195.58
		200	195.80
		200	196.03
		200	196.24
		200	196.46
		200	196.67
		200	196.90
		200	197.11
		200	197.33
		200	197.54
		200	197.77
		200	197.99
		200	198.20
		200	198.43
		200	198.66
		200	198.88
		200	199.09
		200	199.32
		200	199.53
		200	199.75
		200	199.96
		200	200.19
		200	200.40
		200	200.62
		200	200.85
		200	201.07
		200	201.28
		200	201.51
		200	201.72
		200	201.94
		200	202.17
		200	202.38
		200	202.61
		200	202.81
		200	203.04
		200	203.25
		200	203.49
		200	203.70
		200	203.93
		200	204.14
		200	204.36
		200	204.57
		200	204.80
		200	205.02
		200	205.23
		200	205.46
		200	205.67
		200	205.89
		200	206.12
		200	206.35
		200	206.56
		200	206.78
		200	206.99
		200	207.22
		200	207.43
		200	207.65
		200	207.86
		200	208.09
		200	208.31
		200	208.54
		200	208.75
		200	208.97
		200	209.20
		200	209.41
		200	209.64
		200	209.84
		200	210.07
		200	210.28
		200	210.51
		200	210.71
		200	210.94
		200	211.17
		200	211.39
		200	211.60
		200	211.83
		200	212.04
		200	212.26
		200	212.49
		200	212.70
		200	212.92
		200	213.13
		200	213.36
		200	213.59
		200	213.81
		200	214.02
		200	214.25
		200	214.46
		200	214.68
		200	214.89
		200	215.12
		200	215.34
		200	215.55
		200	215.78
		200	216.00
		200	216.21
		200	216.44
		200	216.66
		200	216.87
		200	217.10
		200	217.31
		200	217.53
		200	217.74
		200	217.99
		200	218.20
		200	218.42
		200	218.63
		200	218.86
		200	219.07
		200	219.29
		200	219.52
		200	219.73
		200	219.95
		200	220.16
		200	220.39
		200	220.61
		200	220.84
		200	221.05
		200	221.28
		200	221.48
		200	221.71
		200	221.92
		200	222.15
		200	222.37
		200	222.58
		200	222.81
		200	223.03
		200	223.24
		200	223.47
		200	223.69
		200	223.90
		200	224.13
		200	224.34
		200	224.56
		200	224.77
		200	225.00
		200	225.21
		200	225.45
		200	225.66
		200	225.89
		200	226.10
		200	226.32
		200	226.55
		200	226.76
		200	226.98
		200	227.19
		200	227.42
		200	227.64
		200	227.87
		200	228.08
		200	228.31
		200	228.51
		200	228.74
		200	228.95
		200	229.18
		200	229.38
		200	229.61
		200	229.84
		200	230.06
		200	230.27
		200	230.50
		200	230.72
		200	230.93
		200	231.16
		200	231.37
		200	231.59
		200	231.80
		200	232.03
		200	232.24
		200	232.48
		200	232.69
		200	232.92
		200	233.13
		200	233.35
		200	233.56
		200	233.79
		200	234.01
		200	234.22
		200	234.45
		200	234.66
		200	234.88
		200	235.11
		200	235.34
		200	235.54
		200	235.77
		200	235.98
		200	236.21
		200	236.41
		200	236.64
		200	236.87
		200	237.08
		200	237.30
		200	237.51
		200	237.74
		200	237.96
		200	238.19
		200	238.40
		200	238.62
		200	238.83
		200	239.06
		200	239.27
		200	239.49
		200	239.70
		200	239.95
		200	240.15
		200	240.38
		200	240.59
		200	240.82
		200	241.04
		200	241.25
		200	241.48
		200	241.69
		200	241.91
		200	242.14
		200	242.36
		200	242.57
		200	242.80
		200	243.01
		200	243.23
		200	243.44
		200	243.67
		200	243.88
		200	244.10
		200	244.33
		200	244.54
		200	244.77
		200	244.99
		200	245.22
		200	245.43
		200	245.65
		200	245.86
		200	246.09
		200	246.30
		200	246.52
		200	246.73
		200	246.96
		200	247.18
		200	247.41
		200	247.62
		200	247.85
		200	248.05
		200	248.28
		200	248.51
		200	248.72
		200	248.94
		200	249.15
		200	249.38
		200	249.60
		200	249.83
		200	250.04
		200	250.26
		200	250.47
		200	250.70
		200	250.91
		200	251.13
		200	251.36
		200	251.57
		200	251.80
		200	252.02
		200	252.23
		200	252.46
		200	252.68
		200	252.89
		200	253.12
		200	253.33
		200	253.55
		200	253.76
		200	254.01
		200	254.21
		200	254.44
		200	254.65
		200	254.88
		200	255.08
		200	255.31
		200	255.54
		200	255.75
		200	255.97
		200	256.18
		200	256.41
		200	256.63
		200	256.86
		200	257.07
		200	257.29
		200	257.50
		200	257.73
		200	257.94
		200	258.16
		200	258.39
		200	258.60
		200	258.83
		200	259.05
		200	259.26
		200	259.49
		200	259.71
		200	259.92
		200	260.15
		200	260.36
		200	260.58
		200	260.79
		200	261.02
		200	261.23
		200	261.45
		200	261.68
		200	261.90
		200	262.11
		200	262.34
		200	262.57
		200	262.77
		200	263.00
		200	263.21
		200	263.44
		200	263.64
		200	263.87
		200	264.10
		200	264.32
		200	264.53
		200	264.76
		200	264.97
		200	265.19
		200	265.40
		200	265.63
		200	265.85
		200	266.06
		200	266.29
		200	266.52
		200	266.74
		200	266.95
		200	267.18
		200	267.39
		200	267.61
		200	267.82
		200	268.05
		200	268.26
		200	268.50
		200	268.71
		200	268.93
		200	269.14
		200	269.37
		200	269.58
		200	269.80
		200	270.03
		200	270.24
		200	270.47
		200	270.67
		200	270.92
		200	271.13
		200	271.35
		200	271.56
		200	271.79
		200	272.00
		200	272.22
		200	272.43
		200	272.66
		200	272.88
		200	273.09
		200	273.32
		200	273.55
		200	273.75
		200	273.98
		200	274.21
		200	274.42
		200	274.64
		200	274.85
		200	275.08
		200	275.29
		200	275.51
		200	275.74
		200	275.96
		200	276.17
		200	276.40
		200	276.61
		200	276.83
		200	277.06
		200	277.27
		200	277.50
		200	277.70
		200	277.93
		200	278.16
		200	278.38
		200	278.59
		200	278.82
		200	279.03
		200	279.25
		200	279.46
		200	279.69
		200	279.90
		200	280.12
		200	280.35
		200	280.58
		200	280.78
		200	281.01
		200	281.24
		200	281.45
		200	281.67
		200	281.88
		200	282.11
		200	282.32
		200	282.56
		200	282.77
		200	282.99
		200	283.20
		200	283.43
		200	283.64
		200	283.86
		200	284.07
		200	284.30
		200	284.52
		200	284.73
		200	284.96
		200	285.19
		200	285.41
		200	285.62
		200	285.85
		200	286.06
		200	286.28
		200	286.49
		200	286.72
		200	286.93
		200	287.15
		200	287.38
		200	287.60
		200	287.81
		200	288.04
		200	288.25
		200	288.47
		200	288.70
		200	288.91
		200	289.14
		200	289.34
		200	289.57
		200	289.80
		200	290.02
		200	290.23
		200	290.46
		200	290.67
		200	290.89
		200	291.10
		200	291.33
		200	291.55
		200	291.78
		200	291.99
		200	292.22
		200	292.42
		200	292.65
		200	292.88
		200	293.09
		200	293.31
		200	293.52
		200	293.75
		200	293.96
		200	294.20
		200	294.41
		200	294.63
		200	294.84
		200	295.07
		200	295.28
		200	295.50
		200	295.73
		200	295.94
		200	296.17
		200	296.39
		200	296.60
		200	296.83
		200	297.05
		200	297.26
		200	297.49
		200	297.70
		200	297.92
		200	298.13
		200	298.36
		200	298.58
		200	298.81
		200	299.02
		200	299.25
		200	299.45
		200	299.68
		200	299.91
		200	300.12
		200	300.34
		200	300.55
		200	300.78
		200	301.00
		200	301.23
		200	301.44
		200	301.66
		200	301.87
		200	302.10
		200	302.31
		200	302.53
		200	302.76
		200	302.97
		200	303.20
		200	303.40
		200	303.63
		200	303.86
		200	304.08
		200	304.29
		200	304.52
		200	304.73
		200	304.95
		200	305.16
		200	305.39
		200	305.61
		200	305.84
		200	306.05
		200	306.27
		200	306.48
		200	306.71
		200	306.94
		200	307.14
		200	307.37
		200	307.58
		200	307.81
		200	308.03
		200	308.26
		200	308.47
		200	308.69
		200	308.90
		200	309.13
		200	309.34
		200	309.56
		200	309.77
		200	310.00
		200	310.22
		200	310.45
		200	310.66
		200	310.89
		200	311.11
		200	311.32
		200	311.55
		200	311.76
		200	311.98
		200	312.19
		200	312.42
		200	312.64
		200	312.87
		200	313.08
		200	313.30
		200	313.51
		200	313.74
		200	313.95
		200	314.17
		200	314.40
		200	314.61
		200	314.84
		200	315.04
		200	315.29
		200	315.50
		200	315.72
		200	315.93
		200	316.16
		200	316.37
		200	316.59
		200	316.80
		200	317.03
		200	317.25
		200	317.46
		200	317.69
		200	317.92
		200	318.12
		200	318.35
		200	318.58
		200	318.79
		200	319.01
		200	319.22
		200	319.45
		200	319.66
		200	319.90
		200	320.11
		200	320.33
		200	320.54
		200	320.77
		200	320.98
		200	321.20
		200	321.43
		200	321.64
		200	321.87
		200	322.09
		200	322.30
		200	322.53
		200	322.75
		200	322.96
		200	323.19
		200	323.40
		200	323.62
		200	323.83
		200	324.06
		200	324.28
		200	324.51
		200	324.72
		200	324.95
		200	325.15
		200	325.38
		200	325.61
		200	325.82
		200	326.04
		200	326.25
		200	326.48
		200	326.69
		200	326.93
		200	327.14
		200	327.36
		200	327.57
		200	327.80
		200	328.01
		200	328.23
		200	328.44
		200	328.67
		200	328.89
		200	329.10
		200	329.33
		200	329.56
		200	329.78
		200	329.99
		200	330.22
		200	330.43
		200	330.65
		200	330.86
		200	331.09
		200	331.30
		200	331.52
		200	331.75
		200	331.97
		200	332.18
		200	332.41
		200	332.62
		200	332.84
		200	333.07
		200	333.28
		200	333.51
		200	333.71
		200	333.96
		200	334.17
		200	334.39
		200	334.60
		200	334.83
		200	335.04
		200	335.26
		200	335.47
		200	335.70
		200	335.92
		200	336.15
		200	336.36
		200	336.59
		200	336.79
		200	337.02
		200	337.25
		200	337.46
		200	337.68
		200	337.89
		200	338.12
		200	338.33
		200	338.57
		200	338.78
		200	339.00
		200	339.21
		200	339.44
		200	339.65
		200	339.87
		200	340.10
		200	340.31
		200	340.54
		200	340.74
		200	340.97
		200	341.20
		200	341.42
		200	341.63
		200	341.86
		200	342.07
		200	342.29
		200	342.50
		200	342.73
		200	342.95
		200	343.16
		200	343.39
		200	343.62
		200	343.82
		200	344.05
		200	344.28
		200	344.49
		200	344.71
		200	344.92
		200	345.15
		200	345.36
		200	345.58
		200	345.79
		200	346.03
		200	346.24
		200	346.47
		200	346.68
		200	346.90
		200	347.13
		200	347.34
		200	347.57
		200	347.77
		200	348.00
		200	348.23
		200	348.45
		200	348.66
		200	348.89
		200	349.10
		200	349.32
		200	349.53
		200	349.76
		200	349.97
		200	350.19
		200	350.42
		200	350.64
		200	350.85
		200	351.08
		200	351.31
		200	351.51
		200	351.74
		200	351.95
		200	352.18
		200	352.38
		200	352.61
		200	352.84
		200	353.06
		200	353.27
		200	353.50
		200	353.71
		200	353.93
		200	354.14
		200	354.37
		200	354.59
		200	354.80
		200	355.03
		200	355.26
		200	355.48
		200	355.69
		200	355.92
		200	356.13
		200	356.35
		200	356.56
		200	356.79
		200	357.00
		200	357.22
		200	357.45
		200	357.67
		200	357.88
		200	358.11
		200	358.32
		200	358.54
		200	358.77
		200	358.98
		200	359.21
		200	359.41
		200	359.64
		200	359.87
		200	360.09
		200	360.30
		200	360.53
		200	360.74
		200	360.96
		200	361.17
		200	361.40
		200	361.62
		200	361.85
		200	362.06
		200	362.29
		200	362.49
		200	362.72
		200	362.95
		200	363.16
		200	363.38
		200	363.59
		200	363.83
		200	364.04
		200	364.27
		200	364.48
		200	364.70
		200	364.91
		200	365.14
		200	365.35
		200	365.57
		200	365.80
		200	366.03
		200	366.24
		200	366.46
		200	366.67
		200	366.90
		200	367.12
		200	367.33
		200	367.56
		200	367.77
		200	368.01
		200	368.22
		200	368.45
		200	368.65
		200	368.88
		200	369.09
		200	369.32
		200	369.52
		200	369.75
		200	369.98
		200	370.20
		200	370.41
		200	370.64
		200	370.85
		200	371.07
		200	371.30
		200	371.51
		200	371.73
		200	371.94
		200	372.17
		200	372.38
		200	372.62
		200	372.83
		200	373.06
		200	373.26
		200	373.49
		200	373.70
		200	373.93
		200	374.15
		200	374.36
		200	374.59
		200	374.81
		200	375.02
		200	375.25
		200	375.47
		200	375.68
		200	375.91
		200	376.12
		200	376.34
		200	376.55
		200	376.80
		200	377.01
		200	377.23
		200	377.44
		200	377.67
		200	377.88
		200	378.10
		200	378.33
		200	378.54
		200	378.76
		200	378.99
		200	379.20
		200	379.42
		200	379.65
		200	379.86
		200	380.09
		200	380.29
		200	380.52
		200	380.73
		200	380.97
		200	381.18
		200	381.41
		200	381.62
		200	381.84
		200	382.05
		200	382.28
		200	382.50
		200	382.71
		200	382.94
		200	383.17
		200	383.37
		200	383.60
		200	383.83
		200	384.04
		200	384.26
		200	384.47
		200	384.70
		200	384.91
		200	385.13
		200	385.34
		200	385.58
		200	385.79
		200	386.02
		200	386.23
		200	386.45
		200	386.68
		200	386.89
		200	387.12
		200	387.32
		200	387.55
		200	387.78
		200	388.00
		200	388.21
		200	388.44
		200	388.65
		200	388.87
		200	389.08
		200	389.31
		200	389.52
		200	389.76
		200	389.97
		200	390.20
		200	390.40
		200	390.63
		200	390.86
		200	391.07
		200	391.29
		200	391.50
		200	391.73
		200	391.95
		200	392.18
		200	392.39
		200	392.61
		200	392.82
		200	393.05
		200	393.26
		200	393.48
		200	393.71
		200	393.94
		200	394.14
		200	394.37
		200	394.58
		200	394.81
		200	395.03
		200	395.24
		200	395.47
		200	395.69
		200	395.90
		200	396.13
		200	396.35
		200	396.56
		200	396.79
		200	397.00
		200	397.22
		200	397.43
		200	397.66
		200	397.87
		200	398.11
		200	398.32
		200	398.55
		200	398.76
		200	398.98
		200	399.21
		200	399.42
		200	399.64
		200	399.85
		200	400.08
		200	400.30
		200	400.53
		200	400.74
		200	400.97
		200	401.17
		200	401.40
		200	401.61
		200	401.84
		200	402.04
		200	402.27
		200	402.50
		200	402.72
		200	402.93
		200	403.16
		200	403.38
		200	403.59
		200	403.82
		200	404.03
		200	404.25
		200	404.48
		200	404.71
		200	404.92
		200	405.14
		200	405.35
		200	405.58
		200	405.79
		200	406.01
		200	406.22
		200	406.46
		200	406.67
		200	406.90
		200	407.11
		200	407.33
		200	407.56
		200	407.77
		200	408.00
		200	408.20
		200	408.43
		200	408.66
		200	408.88
		200	409.09
		200	409.32
		200	409.53
		200	409.75
		200	409.96
		200	410.19
		200	410.40
		200	410.62
		200	410.85
		200	411.08
		200	411.28
		200	411.51
		200	411.74
		200	411.95
		200	412.17
		200	412.38
		200	412.61
		200	412.82
		200	413.04
		200	413.27
		200	413.49
		200	413.70
		200	413.93
		200	414.14
		200	414.36
		200	414.57
		200	414.80
		200	415.02
		200	415.23
		200	415.46
		200	415.67
		200	415.91
		200	416.12
		200	416.35
		200	416.56
		200	416.78
		200	416.99
		200	417.22
		200	417.43
		200	417.65
		200	417.88
		200	418.10
		200	418.31
		200	418.54
		200	418.75
		200	418.97
		200	419.20
		200	419.41
		200	419.64
		200	419.84
		200	420.09
		200	420.30
		200	420.52
		200	420.73
		200	420.96
		200	421.17
		200	421.39
		200	421.60
		200	421.83
		200	422.05
		200	422.28
		200	422.49
		200	422.72
		200	422.92
		200	423.15
		200	423.38
		200	423.59
		200	423.81
		200	424.02
		200	424.25
		200	424.46
		200	424.68
		200	424.91
		200	425.13
		200	425.34
		200	425.57
		200	425.78
		200	426.00
		200	426.23
		200	426.44
		200	426.67
		200	426.87
		200	427.10
		200	427.33
		200	427.55
		200	427.76
		200	427.99
		200	428.20
		200	428.42
		200	428.63
		200	428.86
		200	429.08
		200	429.29
		200	429.52
		200	429.75
		200	429.95
		200	430.18
		200	430.41
		200	430.62
		200	430.84
		200	431.05
		200	431.28
		200	431.50
		200	431.73
		200	431.94
		200	432.16
		200	432.37
		200	432.60
		200	432.81
		200	433.03
		200	433.26
		200	433.49
		200	433.70
		200	433.92
		200	434.13
		200	434.36
		200	434.58
		200	434.79
		200	435.02
		200	435.23
		200	435.45
		200	435.68
		200	435.90
		200	436.11
		200	436.34
		200	436.55
		200	436.77
		200	436.98
		200	437.21
		200	437.44
		200	437.64
		200	437.87
		200	438.10
		200	438.31
		200	438.53
		200	438.76
		200	438.97
		200	439.19
		200	439.40
		200	439.63
		200	439.85
		200	440.08
		200	440.29
		200	440.52
		200	440.72
		200	440.95
		200	441.16
		200	441.39
		200	441.61
		200	441.82
		200	442.05
		200	442.27
		200	442.48
		200	442.71
		200	442.93
		200	443.14
		200	443.37
		200	443.58
		200	443.80
		200	444.01
		200	444.26
		200	444.47
		200	444.69
		200	444.90
		200	445.13
		200	445.34
		200	445.56
		200	445.79
		200	446.00
		200	446.22
		200	446.45
		200	446.66
		200	446.88
		200	447.11
		200	447.32
		200	447.55
		200	447.75
		200	447.98
		200	448.21
		200	448.43
		200	448.64
		200	448.87
		200	449.08
		200	449.30
		200	449.51
		200	449.74
		200	449.96
		200	450.19
		200	450.40
		200	450.63
		200	450.83
		200	451.06
		200	451.29
		200	451.50
		200	451.72
		200	451.93
		200	452.16
		200	452.38
		200	452.61
		200	452.82
		200	453.04
		200	453.25
		200	453.48
		200	453.69
		200	453.91
		200	454.14
		200	454.35
		200	454.58
		200	454.80
		200	455.01
		200	455.24
		200	455.46
		200	455.67
		200	455.90
		200	456.11
		200	456.33
		200	456.56
		200	456.78
		200	456.99
		200	457.22
		200	457.43
		200	457.65
		200	457.86
		200	458.09
		200	458.32
		200	458.52
		200	458.75
		200	458.98
		200	459.19
		200	459.41
		200	459.64
		200	459.85
		200	460.07
		200	460.28
		200	460.51
		200	460.73
		200	460.96
		200	461.17
		200	461.40
		200	461.60
		200	461.83
		200	462.04
		200	462.27
		200	462.49
		200	462.72
		200	462.93
		200	463.15
		200	463.36
		200	463.59
		200	463.81
		200	464.02
		200	464.25
		200	464.48
		200	464.68
		200	464.91
		200	465.14
		200	465.35
		200	465.57
		200	465.78
		200	466.01
		200	466.22
		200	466.46
		200	466.67
		200	466.89
		200	467.10
		200	467.33
		200	467.54
		200	467.76
		200	467.99
		200	468.20
		200	468.43
		200	468.65
		200	468.86
		200	469.09
		200	469.31
		200	469.52
		200	469.75
		200	469.96
		200	470.18
		200	470.39
		200	470.62
		200	470.84
		200	471.07
		200	471.28
		200	471.51
		200	471.71
		200	471.94
		200	472.17
		200	472.38
		200	472.60
		200	472.81
		200	473.04
		200	473.26
		200	473.49
		200	473.70
		200	473.92
		200	474.13
		200	474.36
		200	474.57
		200	474.79
		200	475.02
		200	475.23
		200	475.46
		200	475.68
		200	475.89
		200	476.12
		200	476.34
		200	476.55
		200	476.78
		200	476.99
		200	477.21
		200	477.44
		200	477.66
		200	477.87
		200	478.10
		200	478.31
		200	478.53
		200	478.74
		200	478.97
		200	479.20
		200	479.42
		200	479.63
		200	479.86
		200	480.07
		200	480.29
		200	480.52
		200	480.73
		200	480.95
		200	481.18
		200	481.39
		200	481.61
		200	481.84
		200	482.05
		200	482.28
		200	482.48
		200	482.71
		200	482.92
		200	483.15
		200	483.37
		200	483.60
		200	483.81
		200	484.03
		200	484.24
		200	484.47
		200	484.69
		200	484.90
		200	485.13
		200	485.34
		200	485.56
		200	485.79
		200	486.02
		200	486.23
		200	486.45
		200	486.66
		200	486.89
		200	487.10
		200	487.32
		200	487.55
		200	487.77
		200	487.98
		200	488.21
		200	488.42
		200	488.64
		200	488.87
		200	489.08
		200	489.31
		200	489.53
		200	489.74
		200	489.97
		200	490.19
		200	490.40
		200	490.63
		200	490.84
		200	491.06
		200	491.27
		200	491.50
		200	491.72
		200	491.95
		200	492.16
		200	492.39
		200	492.59
		200	492.82
		200	493.05
		200	493.26
		200	493.48
		200	493.71
		200	493.92
		200	494.14
		200	494.37
		200	494.58
		200	494.80
		200	495.01
		200	495.24
		200	495.45
		200	495.67
		200	495.90
		200	496.13
		200	496.34
		200	496.56
		200	496.77
		200	497.00
		200	497.22
		200	497.43
		200	497.66
		200	497.87
		200	498.09
		200	498.32
		200	498.54
		200	498.75
		200	498.98
		200	499.19
		200	499.41
		200	499.62
		200	499.85
		200	500.08
		200	500.28
		200	500.51
		200	500.74
		200	500.95
		200	501.17
		200	501.40
		200	501.61
		200	501.83
		200	502.04
		200	502.27
		200	502.48
		200	502.72
		200	502.93
		200	503.16
		200	503.36
		200	503.59
		200	503.80
		200	504.03
		200	504.25
		200	504.46
		200	504.69
		200	504.91
		200	505.12
		200	505.35
		200	505.57
		200	505.78
		200	506.01
		200	506.22
		200	506.44
		200	506.67
		200	506.90
		200	507.11
		200	507.33
		200	507.54
		200	507.77
		200	507.98
		200	508.20
		200	508.43
		200	508.65
		200	508.86
		200	509.09
		200	509.30
		200	509.52
		200	509.75
		200	509.96
		200	510.19
		200	510.41
		200	510.62
		200	510.85
		200	511.07
		200	511.28
		200	511.51
		200	511.72
		200	511.94
		200	512.15
		200	512.38
		200	512.60
		200	512.83
		200	513.04
		200	513.27
		200	513.47
		200	513.70
		200	513.93
		200	514.14
		200	514.36
		200	514.59
		200	514.80
		200	515.02
		200	515.25
		200	515.46
		200	515.68
		200	515.89
		200	516.12
		200	516.33
		200	516.55
		200	516.78
		200	517.01
		200	517.22
		200	517.44
		200	517.65
		200	517.88
		200	518.10
		200	518.33
		200	518.54
		200	518.76
		200	518.97
		200	519.20
		200	519.42
		200	519.63
		200	519.86
		200	520.07
		200	520.29
		200	520.52
		200	520.75
		200	520.96
		200	521.18
		200	521.39
		200	521.62
		200	521.83
		200	522.05
		200	522.28
		200	522.50
		200	522.71
		200	522.94
		200	523.15
		200	523.37
		200	523.60
		200	523.81
		200	524.04
		200	524.26
		200	524.49
		200	524.70
		200	524.92
		200	525.13
		200	525.36
		200	525.57
		200	525.79
		200	526.02
		200	526.25
		200	526.45
		200	526.68
		200	526.89
		200	527.12
		200	527.32
		200	527.55
		200	527.78
		200	527.99
		200	528.21
		200	528.44
		200	528.66
		200	528.87
		200	529.10
		200	529.31
		200	529.53
		200	529.74
		200	529.97
		200	530.20
		200	530.42
		200	530.63
		200	530.86
		200	531.07
		200	531.29
		200	531.50
		200	531.73
		200	531.95
		200	532.18
		200	532.39
		200	532.61
		200	532.84
		200	533.05
		200	533.28
		200	533.48
		200	533.71
		200	533.94
		200	534.16
		200	534.37
		200	534.60
		200	534.81
		200	535.03
		200	535.24
		200	535.47
		200	535.69
		200	535.92
		200	536.13
		200	536.35
		200	536.56
		200	536.79
		200	537.02
		200	537.23
		200	537.45
		200	537.68
		200	537.89
		200	538.11
		200	538.34
		200	538.55
		200	538.77
		200	538.98
		200	539.21
		200	539.42
		200	539.66
		200	539.87
		200	540.10
		200	540.30
		200	540.53
		200	540.74
		200	540.97
		200	541.19
		200	541.42
		200	541.63
		200	541.85
		200	542.06
		200	542.29
		200	542.51
		200	542.72
		200	542.95
		200	543.16
		200	543.40
		200	543.61
		200	543.84
		200	544.05
		200	544.27
		200	544.48
		200	544.71
		200	544.92
		200	545.14
		200	545.37
		200	545.59
		200	545.80
		200	546.03
		200	546.24
		200	546.46
		200	546.69
		200	546.90
		200	547.13
		200	547.33
		200	547.58
		200	547.79
		200	548.01
		200	548.22
		200	548.45
		200	548.66
		200	548.88
		200	549.09
		200	549.32
		200	549.54
		200	549.77
		200	549.98
		200	550.21
		200	550.41
		200	550.64
		200	550.87
		200	551.08
		200	551.30
		200	551.53
		200	551.75
		200	551.96
		200	552.19
		200	552.40
		200	552.62
		200	552.83
		200	553.06
		200	553.27
		200	553.51
		200	553.72
		200	553.95
		200	554.16
		200	554.38
		200	554.59
		200	554.82
		200	555.04
		200	555.25
		200	555.48
		200	555.70
		200	555.93
		200	556.14
		200	556.36
		200	556.57
		200	556.80
		200	557.01
		200	557.25
		200	557.46
		200	557.69
		200	557.90
		200	558.12
		200	558.33
		200	558.56
		200	558.77
		200	558.99
		200	559.22
		200	559.44
		200	559.65
		200	559.88
		200	560.11
		200	560.31
		200	560.54
		200	560.75
		200	560.98
		200	561.20
		200	561.43
		200	561.64
		200	561.86
		200	562.07
		200	562.30
		200	562.51
		200	562.73
		200	562.94
		200	563.19
		200	563.39
		200	563.62
		200	563.83
		200	564.06
		200	564.28
		200	564.49
		200	564.72
		200	564.94