		250	0.00
		250	0.00
		250	0.00
		250	0.00
		250	0.03
		250	0.14
		250	0.30
		250	0.44
		250	0.59
		250	0.75
		250	0.92
		250	1.06
		250	1.20
		250	1.36
		250	1.51
		250	1.67
		250	1.84
		250	2.02
		250	2.19
		250	2.37
		250	2.54
		250	2.70
		250	2.87
		250	3.05
		250	3.22
		250	3.39
		250	3.57
		250	3.74
		250	3.92
		250	4.09
		250	4.25
		250	4.42
		250	4.58
		250	4.73
		250	4.89
		250	5.03
		250	5.20
		250	5.36
		250	5.53
		250	5.69
		250	5.86
		250	6.04
		250	6.21
		250	6.39
		250	6.56
		250	6.73
		250	6.89
		250	7.06
		250	7.24
		250	7.41
		250	7.59
		250	7.74
		250	7.92
		250	8.07
		250	8.23
		250	8.39
		250	8.54
		250	8.68
		250	8.84
		250	9.01
		250	9.19
		250	9.34
		250	9.52
		250	9.69
		250	9.87
		250	10.04
		250	10.23
		250	10.42
		250	10.60
		250	10.79
		250	10.96
		250	11.15
		250	11.34
		250	11.52
		250	11.71
		250	11.88
		250	12.06
		250	12.21
		250	12.39
		250	12.56
		250	12.72
		250	12.91
		250	13.08
		250	13.28
		250	13.47
		250	13.66
		250	13.85
		250	14.04
		250	14.22
		250	14.39
		250	14.56
		250	14.76
		250	14.93
		250	15.12
		250	15.31
		250	15.49
		250	15.66
		250	15.82
		250	15.97
		250	16.15
		250	16.32
		250	16.50
		250	16.69
		250	16.86
		250	17.05
		250	17.24
		250	17.43
		250	17.63
		250	17.82
		250	17.99
		250	18.18
		250	18.36
		250	18.55
		250	18.72
		250	18.90
		250	19.09
		250	19.26
		250	19.44
		250	19.59
		250	19.77
		250	19.94
		250	20.11
		250	20.29
		250	20.46
		250	20.65
		250	20.85
		250	21.04
		250	21.23
		250	21.42
		250	21.61
		250	21.80
		250	21.98
		250	22.15
		250	22.34
		250	22.52
		250	22.69
		250	22.86
		250	23.04
		250	23.21
		250	23.39
		250	23.56
		250	23.73
		250	23.91
		250	24.08
		250	24.27
		250	24.45
		250	24.64
		250	24.85
		250	25.04
		250	25.23
		250	25.40
		250	25.61
		250	25.79
		250	25.96
		250	26.13
		250	26.33
		250	26.50
		250	26.67
		250	26.85
		250	27.02
		250	27.21
		250	27.39
		250	27.56
		250	27.74
		250	27.93
		250	28.10
		250	28.29
		250	28.48
		250	28.68
		250	28.87
		250	29.06
		250	29.25
		250	29.42
		250	29.61
		250	29.79
		250	29.96
		250	30.14
		250	30.31
		250	30.48
		250	30.68
		250	30.85
		250	31.02
		250	31.20
		250	31.39
		250	31.56
		250	31.76
		250	31.93
		250	32.12
		250	32.31
		250	32.50
		250	32.69
		250	32.89
		250	33.08
		250	33.25
		250	33.44
		250	33.62
		250	33.79
		250	33.96
		250	34.14
		250	34.33
		250	34.50
		250	34.68
		250	34.89
		250	35.04
		250	35.24
		250	35.43
		250	35.60
		250	35.79
		250	35.97
		250	36.17
		250	36.35
		250	36.54
		250	36.73
		250	36.92
		250	37.10
		250	37.29
		250	37.46
		250	37.64
		250	37.81
		250	37.98
		250	38.18
		250	38.35
		250	38.54
		250	38.72
		250	38.91
		250	39.06
		250	39.25
		250	39.43
		250	39.62
		250	39.81
		250	39.99
		250	40.19
		250	40.39
		250	40.56
		250	40.75
		250	40.94
		250	41.12
		250	41.27
		250	41.45
		250	41.64
		250	41.81
		250	41.99
		250	42.18
		250	42.37
		250	42.56
		250	42.73
		250	42.91
		250	43.08
		250	43.27
		250	43.45
		250	43.64
		250	43.83
		250	44.02
		250	44.20
		250	44.40
		250	44.58
		250	44.75
		250	44.93
		250	45.10
		250	45.27
		250	45.45
		250	45.64
		250	45.81
		250	46.01
		250	46.18
		250	46.37
		250	46.55
		250	46.72
		250	46.89
		250	47.07
		250	47.26
		250	47.43
		250	47.62
		250	47.82
		250	47.99
		250	48.18
		250	48.37
		250	48.55
		250	48.72
		250	48.89
		250	49.07
		250	49.26
		250	49.42
		250	49.61
		250	49.80
		250	49.99
		250	50.18
		250	50.36
		250	50.53
		250	50.70
		250	50.90
		250	51.07
		250	51.24
		250	51.43
		250	51.63
		250	51.82
		250	51.99
		250	52.17
		250	52.36
		250	52.53
		250	52.72
		250	52.90
		250	53.07
		250	53.24
		250	53.44
		250	53.61
		250	53.80
		250	53.97
		250	54.17
		250	54.34
		250	54.51
		250	54.69
		250	54.88
		250	55.04
		250	55.25
		250	55.42
		250	55.61
		250	55.78
		250	55.96
		250	56.15
		250	56.32
		250	56.52
		250	56.69
		250	56.88
		250	57.05
		250	57.25
		250	57.44
		250	57.63
		250	57.82
		250	57.99
		250	58.17
		250	58.34
		250	58.53
		250	58.71
		250	58.90
		250	59.07
		250	59.26
		250	59.44
		250	59.61
		250	59.80
		250	59.98
		250	60.17
		250	60.34
		250	60.53
		250	60.71
		250	60.90
		250	61.07
		250	61.27
		250	61.46
		250	61.63
		250	61.82
		250	62.00
		250	62.17
		250	62.34
		250	62.52
		250	62.69
		250	62.87
		250	63.04
		250	63.23
		250	63.41
		250	63.60
		250	63.79
		250	63.96
		250	64.15
		250	64.33
		250	64.52
		250	64.71
		250	64.88
		250	65.08
		250	65.28
		250	65.46
		250	65.65
		250	65.82
		250	66.00
		250	66.17
		250	66.35
		250	66.50
		250	66.69
		250	66.87
		250	67.04
		250	67.23
		250	67.43
		250	67.62
		250	67.79
		250	67.96
		250	68.16
		250	68.33
		250	68.52
		250	68.70
		250	68.89
		250	69.06
		250	69.25
		250	69.43
		250	69.62
		250	69.79
		250	69.97
		250	70.14
		250	70.30
		250	70.47
		250	70.66
		250	70.85
		250	71.04
		250	71.22
		250	71.43
		250	71.60
		250	71.79
		250	71.98
		250	72.16
		250	72.35
		250	72.52
		250	72.71
		250	72.91
		250	73.08
		250	73.27
		250	73.43
		250	73.60
		250	73.78
		250	73.93
		250	74.11
		250	74.28
		250	74.47
		250	74.66
		250	74.84
		250	75.05
		250	75.22
		250	75.39
		250	75.59
		250	75.76
		250	75.95
		250	76.12
		250	76.30
		250	76.49
		250	76.68
		250	76.86
		250	77.05
		250	77.20
		250	77.36
		250	77.53
		250	77.71
		250	77.88
		250	78.06
		250	78.25
		250	78.42
		250	78.61
		250	78.82
		250	79.01
		250	79.19
		250	79.38
		250	79.55
		250	79.74
		250	79.92
		250	80.09
		250	80.28
		250	80.46
		250	80.65
		250	80.82
		250	80.98
		250	81.15
		250	81.31
		250	81.48
		250	81.66
		250	81.83
		250	82.02
		250	82.22
		250	82.41
		250	82.60
		250	82.79
		250	82.98
		250	83.15
		250	83.35
		250	83.52
		250	83.69
		250	83.87
		250	84.04
		250	84.23
		250	84.41
		250	84.58
		250	84.76
		250	84.91
		250	85.09
		250	85.26
		250	85.43
		250	85.61
		250	85.80
		250	85.99
		250	86.16
		250	86.36
		250	86.56
		250	86.74
		250	86.93
		250	87.12
		250	87.30
		250	87.49
		250	87.66
		250	87.84
		250	88.01
		250	88.20
		250	88.37
		250	88.55
		250	88.72
		250	88.90
		250	89.07
		250	89.24
		250	89.42
		250	89.61
		250	89.80
		250	89.98
		250	90.18
		250	90.38
		250	90.55
		250	90.74
		250	90.91
		250	91.11
		250	91.26
		250	91.45
		250	91.63
		250	91.79
		250	91.98
		250	92.15
		250	92.34
		250	92.50
		250	92.67
		250	92.86
		250	93.04
		250	93.23
		250	93.40
		250	93.59
		250	93.79
		250	93.98
		250	94.17
		250	94.36
		250	94.55
		250	94.73
		250	94.90
		250	95.07
		250	95.26
		250	95.44
		250	95.61
		250	95.80
		250	95.98
		250	96.15
		250	96.34
		250	96.52
		250	96.69
		250	96.88
		250	97.06
		250	97.25
		250	97.42
		250	97.61
		250	97.81
		250	98.00
		250	98.19
		250	98.36
		250	98.55
		250	98.73
		250	98.88
		250	99.08
		250	99.25
		250	99.41
		250	99.60
		250	99.77
		250	99.96
		250	100.14
		250	100.33
		250	100.54
		250	100.73
		250	100.92
		250	101.11
		250	101.32
		250	101.53
		250	101.74
		250	101.95
		250	102.14
		250	102.33
		250	102.52
		250	102.71
		250	102.90
		250	103.09
		250	103.29
		250	103.50
		250	103.69
		250	103.88
		250	104.07
		250	104.28
		250	104.47
		250	104.66
		250	104.85
		250	105.06
		250	105.25
		250	105.46
		250	105.67
		250	105.86
		250	106.05
		250	106.24
		250	106.42
		250	106.61
		250	106.80
		250	106.99
		250	107.18
		250	107.39
		250	107.58
		250	107.79
		250	107.98
		250	108.16
		250	108.37
		250	108.56
		250	108.75
		250	108.94
		250	109.15
		250	109.36
		250	109.55
		250	109.76
		250	109.93
		250	110.14
		250	110.32
		250	110.51
		250	110.70
		250	110.89
		250	111.10
		250	111.29
		250	111.50
		250	111.69
		250	111.88
		250	112.07
		250	112.26
		250	112.46
		250	112.65
		250	112.86
		250	113.05
		250	113.24
		250	113.43
		250	113.62
		250	113.81
		250	114.00
		250	114.20
		250	114.39
		250	114.58
		250	114.77
		250	114.96
		250	115.17
		250	115.36
		250	115.55
		250	115.74
		250	115.94
		250	116.11
		250	116.32
		250	116.51
		250	116.72
		250	116.91
		250	117.10
		250	117.29
		250	117.48
		250	117.68
		250	117.88
		250	118.08
		250	118.27
		250	118.48
		250	118.67
		250	118.88
		250	119.07
		250	119.26
		250	119.45
		250	119.64
		250	119.83
		250	120.03
		250	120.22
		250	120.41
		250	120.62
		250	120.81
		250	120.98
		250	121.19
		250	121.38
		250	121.57
		250	121.77
		250	121.96
		250	122.15
		250	122.34
		250	122.55
		250	122.74
		250	122.95
		250	123.14
		250	123.35
		250	123.52
		250	123.71
		250	123.91
		250	124.10
		250	124.29
		250	124.46
		250	124.67
		250	124.86
		250	125.07
		250	125.28
		250	125.47
		250	125.66
		250	125.85
		250	126.06
		250	126.27
		250	126.46
		250	126.67
		250	126.86
		250	127.05
		250	127.25
		250	127.44
		250	127.63
		250	127.82
		250	127.99
		250	128.19
		250	128.38
		250	128.59
		250	128.78
		250	128.99
		250	129.18
		250	129.37
		250	129.56
		250	129.77
		250	129.98
		250	130.17
		250	130.38
		250	130.57
		250	130.78
		250	130.95
		250	131.14
		250	131.34
		250	131.51
		250	131.70
		250	131.87
		250	132.08
		250	132.27
		250	132.48
		250	132.69
		250	132.88
		250	133.08
		250	133.28
		250	133.48
		250	133.68
		250	133.88
		250	134.08
		250	134.29
		250	134.48
		250	134.68
		250	134.87
		250	135.06
		250	135.23
		250	135.42
		250	135.60
		250	135.81
		250	136.00
		250	136.21
		250	136.40
		250	136.61
		250	136.80
		250	137.01
		250	137.20
		250	137.39
		250	137.60
		250	137.81
		250	138.00
		250	138.21
		250	138.40
		250	138.59
		250	138.77
		250	138.94
		250	139.13
		250	139.30
		250	139.50
		250	139.70
		250	139.90
		250	140.10
		250	140.31
		250	140.51
		250	140.71
		250	140.91
		250	141.10
		250	141.29
		250	141.50
		250	141.69
		250	141.90
		250	142.09
		250	142.30
		250	142.47
		250	142.65
		250	142.82
		250	143.03
		250	143.22
		250	143.41
		250	143.60
		250	143.81
		250	144.02
		250	144.23
		250	144.42
		250	144.63
		250	144.82
		250	145.01
		250	145.20
		250	145.39
		250	145.59
		250	145.79
		250	145.99
		250	146.16
		250	146.33
		250	146.51
		250	146.72
		250	146.91
		250	147.10
		250	147.29
		250	147.50
		250	147.71
		250	147.92
		250	148.13
		250	148.32
		250	148.51
		250	148.70
		250	148.89
		250	149.08
		250	149.29
		250	149.48
		250	149.67
		250	149.87
		250	150.04
		250	150.23
		250	150.42
		250	150.61
		250	150.81
		250	151.01
		250	151.21
		250	151.41
		250	151.61
		250	151.82
		250	152.02
		250	152.22
		250	152.42
		250	152.62
		250	152.81
		250	153.00
		250	153.17
		250	153.38
		250	153.57
		250	153.75
		250	153.94
		250	154.13
		250	154.32
		250	154.51
		250	154.70
		250	154.91
		250	155.12
		250	155.33
		250	155.54
		250	155.75
		250	155.94
		250	156.13
		250	156.32
		250	156.51
		250	156.70
		250	156.91
		250	157.09
		250	157.28
		250	157.47
		250	157.68
		250	157.87
		250	158.04
		250	158.24
		250	158.44
		250	158.64
		250	158.84
		250	159.05
		250	159.26
		250	159.47
		250	159.68
		250	159.87
		250	160.06
		250	160.25
		250	160.45
		250	160.64
		250	160.81
		250	161.00
		250	161.21
		250	161.40
		250	161.59
		250	161.79
		250	161.98
		250	162.17
		250	162.38
		250	162.57
		250	162.78
		250	162.99
		250	163.19
		250	163.40
		250	163.61
		250	163.80
		250	164.00
		250	164.19
		250	164.38
		250	164.57
		250	164.76
		250	164.95
		250	165.16
		250	165.35
		250	165.54
		250	165.75
		250	165.94
		250	166.15
		250	166.34
		250	166.55
		250	166.74
		250	166.95
		250	167.16
		250	167.35
		250	167.56
		250	167.75
		250	167.93
		250	168.12
		250	168.31
		250	168.52
		250	168.71
		250	168.90
		250	169.11
		250	169.28
		250	169.49
		250	169.68
		250	169.88
		250	170.09
		250	170.28
		250	170.49
		250	170.69
		250	170.89
		250	171.09
		250	171.29
		250	171.48
		250	171.67
		250	171.86
		250	172.05
		250	172.26
		250	172.45
		250	172.64
		250	172.85
		250	173.04
		250	173.23
		250	173.43
		250	173.62
		250	173.83
		250	174.02
		250	174.23
		250	174.42
		250	174.63
		250	174.82
		250	175.03
		250	175.22
		250	175.41
		250	175.58
		250	175.79
		250	175.98
		250	176.18
		250	176.37
		250	176.56
		250	176.75
		250	176.96
		250	177.15
		250	177.34
		250	177.51
		250	177.71
		250	177.92
		250	178.11
		250	178.32
		250	178.52
		250	178.72
		250	178.92
		250	179.10
		250	179.29
		250	179.48
		250	179.67
		250	179.88
		250	180.07
		250	180.28
		250	180.49
		250	180.68
		250	180.87
		250	181.05
		250	181.24
		250	181.45
		250	181.64
		250	181.85
		250	182.06
		250	182.25
		250	182.46
		250	182.65
		250	182.84
		250	183.01
		250	183.22
		250	183.41
		250	183.60
		250	183.80
		250	183.99
		250	184.20
		250	184.39
		250	184.58
		250	184.79
		250	184.96
		250	185.15
		250	185.34
		250	185.54
		250	185.75
		250	185.94
		250	186.15
		250	186.34
		250	186.53
		250	186.72
		250	186.91
		250	187.10
		250	187.31
		250	187.50
		250	187.71
		250	187.92
		250	188.13
		250	188.32
		250	188.51
		250	188.70
		250	188.89
		250	189.09
		250	189.28
		250	189.49
		250	189.68
		250	189.87
		250	190.08
		250	190.27
		250	190.48
		250	190.67
		250	190.86
		250	191.05
		250	191.24
		250	191.45
		250	191.64
		250	191.85
		250	192.04
		250	192.24
		250	192.43
		250	192.62
		250	192.81
		250	193.00
		250	193.19
		250	193.38
		250	193.58
		250	193.78
		250	193.98
		250	194.18
		250	194.38
		250	194.58
		250	194.78
		250	194.98
		250	195.18
		250	195.38
		250	195.59
		250	195.78
		250	195.99
		250	196.19
		250	196.38
		250	196.57
		250	196.74
		250	196.93
		250	197.12
		250	197.32
		250	197.52
		250	197.72
		250	197.93
		250	198.12
		250	198.31
		250	198.52
		250	198.71
		250	198.92
		250	199.11
		250	199.30
		250	199.51
		250	199.70
		250	199.89
		250	200.08
		250	200.27
		250	200.45
		250	200.64
		250	200.83
		250	201.02
		250	201.23
		250	201.44
		250	201.63
		250	201.84
		250	202.05
		250	202.24
		250	202.45
		250	202.64
		250	202.83
		250	203.04
		250	203.23
		250	203.44
		250	203.63
		250	203.81
		250	204.00
		250	204.17
		250	204.35
		250	204.54
		250	204.73
		250	204.94
		250	205.15
		250	205.34
		250	205.55
		250	205.74
		250	205.95
		250	206.14
		250	206.35
		250	206.52
		250	206.71
		250	206.92
		250	207.11
		250	207.30
		250	207.51
		250	207.67
		250	207.86
		250	208.03
		250	208.23
		250	208.43
		250	208.63
		250	208.82
		250	209.03
		250	209.24
		250	209.43
		250	209.64
		250	209.84
		250	210.04
		250	210.23
		250	210.42
		250	210.63
		250	210.82
		250	211.01
		250	211.20
		250	211.39
		250	211.57
		250	211.74
		250	211.93
		250	212.12
		250	212.33
		250	212.52
		250	212.73
		250	212.92
		250	213.13
		250	213.32
		250	213.53
		250	213.72
		250	213.92
		250	214.11
		250	214.30
		250	214.49
		250	214.70
		250	214.87
		250	215.06
		250	215.24
		250	215.41
		250	215.62
		250	215.79
		250	215.99
		250	216.20
		250	216.39
		250	216.60
		250	216.80
		250	217.01
		250	217.22
		250	217.41
		250	217.60
		250	217.80
		250	217.99
		250	218.20
		250	218.39
		250	218.58
		250	218.75
		250	218.94
		250	219.14
		250	219.31
		250	219.52
		250	219.69
		250	219.88