50	0.00
		50	0.00
		50	0.00
		50	0.00
		50	0.00
		50	0.00
		50	0.00
		50	0.00
		50	0.02
		50	0.07
		50	0.12
		50	0.19
		50	0.28
		50	0.35
		50	0.45
		50	0.56
		50	0.66
		50	0.77
		50	0.89
		50	0.99
		50	1.11
		50	1.24
		50	1.37
		50	1.50
		50	1.64
		50	1.76
		50	1.90
		50	2.04
		50	2.16
		50	2.30
		50	2.44
		50	2.58
		50	2.71
		50	2.85
		50	2.99
		50	3.13
		50	3.27
		50	3.41
		50	3.57
		50	3.69
		50	3.85
		50	3.98
		50	4.12
		50	4.26
		50	4.40
		50	4.54
		50	4.70
		50	4.84
		50	4.98
		50	5.12
		50	5.25
		50	5.41
		50	5.55
		50	5.69
		50	5.83
		50	5.97
		50	6.12
		50	6.26
		50	6.42
		50	6.54
		50	6.70
		50	6.84
		50	6.98
		50	7.13
		50	7.27
		50	7.41
		50	7.55
		50	7.71
		50	7.85
		50	7.99
		50	8.14
		50	8.28
		50	8.42
		50	8.56
		50	8.70
		50	8.86
		50	9.00
		50	9.15
		50	9.29
		50	9.43
		50	9.57
		50	9.71
		50	9.87
		50	10.01
		50	10.16
		50	10.32
		50	10.47
		50	10.63
		50	10.79
		50	10.96
		50	11.12
		50	11.28
		50	11.43
		50	11.57
		50	11.73
		50	11.88
		50	12.04
		50	12.20
		50	12.35
		50	12.53
		50	12.68
		50	12.84
		50	13.00
		50	13.15
		50	13.31
		50	13.47
		50	13.62
		50	13.78
		50	13.94
		50	14.09
		50	14.25
		50	14.41
		50	14.56
		50	14.72
		50	14.89
		50	15.05
		50	15.21
		50	15.36
		50	15.52
		50	15.68
		50	15.83
		50	15.99
		50	16.15
		50	16.30
		50	16.46
		50	16.62
		50	16.77
		50	16.93
		50	17.10
		50	17.26
		50	17.42
		50	17.57
		50	17.71
		50	17.87
		50	18.03
		50	18.18
		50	18.34
		50	18.50
		50	18.67
		50	18.83
		50	18.98
		50	19.14
		50	19.30
		50	19.45
		50	19.61
		50	19.77
		50	19.92
		50	20.08
		50	20.24
		50	20.39
		50	20.55
		50	20.71
		50	20.88
		50	21.04
		50	21.19
		50	21.35
		50	21.51
		50	21.66
		50	21.82
		50	21.98
		50	22.13
		50	22.29
		50	22.45
		50	22.60
		50	22.76
		50	22.92
		50	23.07
		50	23.23
		50	23.39
		50	23.54
		50	23.70
		50	23.86
		50	24.01
		50	24.17
		50	24.33
		50	24.48
		50	24.64
		50	24.81
		50	24.97
		50	25.13
		50	25.28
		50	25.44
		50	25.60
		50	25.75
		50	25.91
		50	26.07
		50	26.22
		50	26.38
		50	26.53
		50	26.69
		50	26.85
		50	27.02
		50	27.18
		50	27.34
		50	27.49
		50	27.65
		50	27.81
		50	27.96
		50	28.12
		50	28.27
		50	28.43
		50	28.59
		50	28.74
		50	28.90
		50	29.06
		50	29.21
		50	29.37
		50	29.53
		50	29.68
		50	29.84
		50	30.00
		50	30.15
		50	30.31
		50	30.47
		50	30.62
		50	30.80
		50	30.95
		50	31.11
		50	31.27
		50	31.42
		50	31.58
		50	31.74
		50	31.89
		50	32.05
		50	32.21
		50	32.36
		50	32.52
		50	32.68
		50	32.83
		50	32.99
		50	33.15
		50	33.30
		50	33.46
		50	33.62
		50	33.77
		50	33.93
		50	34.09
		50	34.24
		50	34.40
		50	34.56
		50	34.73
		50	34.89
		50	35.04
		50	35.20
		50	35.36
		50	35.51
		50	35.67
		50	35.83
		50	35.98
		50	36.14
		50	36.30
		50	36.45
		50	36.61
		50	36.77
		50	36.94
		50	37.10
		50	37.25
		50	37.41
		50	37.57
		50	37.72
		50	37.88
		50	38.04
		50	38.19
		50	38.35
		50	38.51
		50	38.66
		50	38.82
		50	38.98
		50	39.15
		50	39.31
		50	39.45
		50	39.60
		50	39.76
		50	39.92
		50	40.07
		50	40.23
		50	40.39
		50	40.54
		50	40.72
		50	40.87
		50	41.03
		50	41.19
		50	41.34
		50	41.50
		50	41.66
		50	41.81
		50	41.97
		50	42.13
		50	42.28
		50	42.44
		50	42.60
		50	42.75
		50	42.91
		50	43.08
		50	43.24
		50	43.40
		50	43.55
		50	43.71
		50	43.87
		50	44.02
		50	44.18
		50	44.34
		50	44.47
		50	44.65
		50	44.81
		50	44.96
		50	45.12
		50	45.27
		50	45.43
		50	45.59
		50	45.74
		50	45.90
		50	46.06
		50	46.21
		50	46.37
		50	46.53
		50	46.68
		50	46.86
		50	47.01
		50	47.17
		50	47.33
		50	47.48
		50	47.64
		50	47.80
		50	47.94
		50	48.09
		50	48.25
		50	48.42
		50	48.58
		50	48.74
		50	48.89
		50	49.05
		50	49.21
		50	49.36
		50	49.52
		50	49.68
		50	49.83
		50	49.99
		50	50.15
		50	50.30
		50	50.46
		50	50.63
		50	50.79
		50	50.95
		50	51.10
		50	51.26
		50	51.42
		50	51.57
		50	51.73
		50	51.89
		50	52.04
		50	52.20
		50	52.36
		50	52.51
		50	52.67
		50	52.83
		50	53.00
		50	53.16
		50	53.31
		50	53.47
		50	53.63
		50	53.77
		50	53.94
		50	54.08
		50	54.24
		50	54.39
		50	54.57
		50	54.72
		50	54.88
		50	55.04
		50	55.19
		50	55.35
		50	55.51
		50	55.66
		50	55.82
		50	55.98
		50	56.13
		50	56.29
		50	56.45
		50	56.60
		50	56.78
		50	56.93
		50	57.09
		50	57.25
		50	57.40
		50	57.56
		50	57.72
		50	57.87
		50	58.03
		50	58.19
		50	58.34
		50	58.50
		50	58.66
		50	58.81
		50	58.97
		50	59.13
		50	59.28
		50	59.44
		50	59.60
		50	59.75
		50	59.91
		50	60.06
		50	60.22
		50	60.38
		50	60.55
		50	60.71
		50	60.87
		50	61.02
		50	61.18
		50	61.34
		50	61.49
		50	61.65
		50	61.80
		50	61.96
		50	62.12
		50	62.27
		50	62.43
		50	62.59
		50	62.74
		50	62.90
		50	63.06
		50	63.21
		50	63.37
		50	63.53
		50	63.68
		50	63.84
		50	64.00
		50	64.15
		50	64.31
		50	64.48
		50	64.64
		50	64.80
		50	64.95
		50	65.11
		50	65.27
		50	65.42
		50	65.58
		50	65.74
		50	65.89
		50	66.05
		50	66.21
		50	66.36
		50	66.52
		50	66.69
		50	66.85
		50	67.01
		50	67.16
		50	67.32
		50	67.48
		50	67.63
		50	67.79
		50	67.95
		50	68.10
		50	68.26
		50	68.42
		50	68.57
		50	68.73
		50	68.89
		50	69.04
		50	69.20
		50	69.36
		50	69.51
		50	69.67
		50	69.83
		50	69.98
		50	70.14
		50	70.30
		50	70.47
		50	70.63
		50	70.78
		50	70.94
		50	71.10
		50	71.25
		50	71.41
		50	71.57
		50	71.72
		50	71.88
		50	72.04
		50	72.19
		50	72.35
		50	72.51
		50	72.66
		50	72.84
		50	72.99
		50	73.15
		50	73.31
		50	73.46
		50	73.62
		50	73.78
		50	73.93
		50	74.09
		50	74.23
		50	74.40
		50	74.56
		50	74.72
		50	74.87
		50	75.03
		50	75.19
		50	75.34
		50	75.50
		50	75.66
		50	75.81
		50	75.97
		50	76.12
		50	76.28
		50	76.44
		50	76.61
		50	76.77
		50	76.93
		50	77.08
		50	77.24
		50	77.40
		50	77.55
		50	77.71
		50	77.86
		50	78.02
		50	78.18
		50	78.33
		50	78.49
		50	78.65
		50	78.80
		50	78.96
		50	79.12
		50	79.27
		50	79.43
		50	79.59
		50	79.74
		50	79.90
		50	80.06
		50	80.21
		50	80.39
		50	80.54
		50	80.70
		50	80.86
		50	81.01
		50	81.17
		50	81.33
		50	81.48
		50	81.64
		50	81.80
		50	81.95
		50	82.11
		50	82.27
		50	82.42
		50	82.58
		50	82.75
		50	82.91
		50	83.07
		50	83.22
		50	83.38
		50	83.54
		50	83.69
		50	83.85
		50	84.01
		50	84.16
		50	84.32
		50	84.48
		50	84.63
		50	84.79
		50	84.96
		50	85.12
		50	85.28
		50	85.43
		50	85.59
		50	85.75
		50	85.90
		50	86.06
		50	86.22
		50	86.37
		50	86.53
		50	86.69
		50	86.84
		50	87.00
		50	87.16
		50	87.31
		50	87.47
		50	87.63
		50	87.78
		50	87.94
		50	88.10
		50	88.25
		50	88.41
		50	88.57
		50	88.74
		50	88.90
		50	89.05
		50	89.21
		50	89.37
		50	89.52
		50	89.68
		50	89.84
		50	89.99
		50	90.15
		50	90.31
		50	90.46
		50	90.62
		50	90.78
		50	90.93
		50	91.11
		50	91.26
		50	91.40
		50	91.56
		50	91.72
		50	91.87
		50	92.03
		50	92.19
		50	92.34
		50	92.50
		50	92.67
		50	92.83
		50	92.99
		50	93.14
		50	93.30
		50	93.46
		50	93.61
		50	93.77
		50	93.93
		50	94.08
		50	94.24
		50	94.40
		50	94.55
		50	94.71
		50	94.88
		50	95.04
		50	95.20
		50	95.35
		50	95.51
		50	95.67
		50	95.82
		50	95.98
		50	96.13
		50	96.29
		50	96.45
		50	96.60
		50	96.76
		50	96.92
		50	97.09
		50	97.25
		50	97.41
		50	97.56
		50	97.72
		50	97.87
		50	98.03
		50	98.19
		50	98.34
		50	98.50
		50	98.66
		50	98.81
		50	98.97
		50	99.13
		50	99.28
		50	99.46
		50	99.61
		50	99.77
		50	99.93
		50	100.08
		50	100.26
		50	100.42
		50	100.59
		50	100.76
		50	100.94
		50	101.09
		50	101.27
		50	101.44
		50	101.62
		50	101.79
		50	101.95
		50	102.12
		50	102.29
		50	102.47
		50	102.64
		50	102.82
		50	102.99
		50	103.15
		50	103.32
		50	103.50
		50	103.67
		50	103.83
		50	104.00
		50	104.17
		50	104.35
		50	104.50
		50	104.68
		50	104.85
		50	105.03
		50	105.20
		50	105.37
		50	105.55
		50	105.72
		50	105.88
		50	106.05
		50	106.23
		50	106.40
		50	106.56
		50	106.73
		50	106.91
		50	107.08
		50	107.24
		50	107.41
		50	107.58
		50	107.76
		50	107.93
		50	108.11
		50	108.28
		50	108.45
		50	108.61
		50	108.78
		50	108.96
		50	109.13
		50	109.29
		50	109.46
		50	109.64
		50	109.81
		50	109.97
		50	110.16
		50	110.33
		50	110.49
		50	110.66
		50	110.84
		50	111.01
		50	111.19
		50	111.34
		50	111.52
		50	111.69
		50	111.86
		50	112.02
		50	112.20
		50	112.39
		50	112.54
		50	112.72
		50	112.89
		50	113.07
		50	113.22
		50	113.40
		50	113.57
		50	113.74
		50	113.90
		50	114.07
		50	114.25
		50	114.42
		50	114.60
		50	114.75
		50	114.94
		50	115.12
		50	115.27
		50	115.45
		50	115.62
		50	115.80
		50	115.95
		50	116.13
		50	116.30
		50	116.48
		50	116.63
		50	116.81
		50	116.98
		50	117.15
		50	117.33
		50	117.50
		50	117.68
		50	117.85
		50	118.01
		50	118.18
		50	118.35
		50	118.53
		50	118.69
		50	118.86
		50	119.03
		50	119.21
		50	119.36
		50	119.54
		50	119.73
		50	119.89
		50	120.06
		50	120.23
		50	120.41
		50	120.58
		50	120.74
		50	120.91
		50	121.09
		50	121.26
		50	121.42
		50	121.59
		50	121.77
		50	121.94
		50	122.11
		50	122.29
		50	122.46
		50	122.62
		50	122.79
		50	122.97
		50	123.14
		50	123.30
		50	123.47
		50	123.64
		50	123.82
		50	123.99
		50	124.17
		50	124.34
		50	124.51
		50	124.67
		50	124.84
		50	125.02
		50	125.19
		50	125.35
		50	125.52
		50	125.70
		50	125.87
		50	126.03
		50	126.20
		50	126.39
		50	126.55
		50	126.72
		50	126.90
		50	127.07
		50	127.25
		50	127.40
		50	127.58
		50	127.75
		50	127.92
		50	128.08
		50	128.26
		50	128.43
		50	128.60
		50	128.76
		50	128.95
		50	129.13
		50	129.28
		50	129.46
		50	129.63
		50	129.80
		50	129.98
		50	130.13
		50	130.31
		50	130.48
		50	130.66
		50	130.81
		50	131.00
		50	131.18
		50	131.34
		50	131.51
		50	131.68
		50	131.86
		50	132.01
		50	132.19
		50	132.36
		50	132.54
		50	132.69
		50	132.87
		50	133.04
		50	133.21
		50	133.39
		50	133.56
		50	133.74
		50	133.91
		50	134.07
		50	134.24
		50	134.42
		50	134.59
		50	134.75
		50	134.92
		50	135.09
		50	135.27
		50	135.44
		50	135.62
		50	135.79
		50	135.95
		50	136.12
		50	136.29
		50	136.47
		50	136.64
		50	136.80
		50	136.97
		50	137.15
		50	137.32
		50	137.49
		50	137.67
		50	137.84
		50	138.00
		50	138.17
		50	138.35
		50	138.52
		50	138.68
		50	138.85
		50	139.03
		50	139.20
		50	139.37
		50	139.55
		50	139.72
		50	139.90
		50	140.05
		50	140.23
		50	140.40
		50	140.57
		50	140.73
		50	140.91
		50	141.08
		50	141.25
		50	141.41
		50	141.58
		50	141.76
		50	141.93
		50	142.11
		50	142.28
		50	142.45
		50	142.61
		50	142.78
		50	142.96
		50	143.13
		50	143.31
		50	143.46
		50	143.64
		50	143.81
		50	143.99
		50	144.14
		50	144.32
		50	144.49
		50	144.66
		50	144.84
		50	145.01
		50	145.19
		50	145.34
		50	145.52
		50	145.69
		50	145.86
		50	146.04
		50	146.19
		50	146.37
		50	146.54
		50	146.72
		50	146.87
		50	147.05
		50	147.22
		50	147.40
		50	147.55
		50	147.74
		50	147.92
		50	148.07
		50	148.25
		50	148.42
		50	148.60
		50	148.77
		50	148.93
		50	149.10
		50	149.27
		50	149.45
		50	149.62
		50	149.80
		50	149.97
		50	150.13
		50	150.30
		50	150.48
		50	150.65
		50	150.81
		50	150.98
		50	151.15
		50	151.33
		50	151.48
		50	151.66
		50	151.85
		50	152.01
		50	152.18
		50	152.35
		50	152.53
		50	152.70
		50	152.86
		50	153.03
		50	153.21
		50	153.38
		50	153.54
		50	153.71
		50	153.90
		50	154.06
		50	154.23
		50	154.41
		50	154.58
		50	154.74
		50	154.91
		50	155.09
		50	155.26
		50	155.43
		50	155.59
		50	155.76
		50	155.94
		50	156.11
		50	156.27
		50	156.46
		50	156.63
		50	156.79
		50	156.97
		50	157.14
		50	157.31
		50	157.47
		50	157.64
		50	157.82
		50	157.99
		50	158.17
		50	158.32
		50	158.50
		50	158.67
		50	158.84
		50	159.02
		50	159.19
		50	159.37
		50	159.52
		50	159.70
		50	159.87
		50	160.05
		50	160.20
		50	160.38
		50	160.55
		50	160.72
		50	160.88
		50	161.07
		50	161.25
		50	161.40
		50	161.58
		50	161.75
		50	161.92
		50	162.10
		50	162.26
		50	162.43
		50	162.60
		50	162.78
		50	162.93
		50	163.11
		50	163.30
		50	163.46
		50	163.63
		50	163.80
		50	163.98
		50	164.13
		50	164.31
		50	164.48
		50	164.66
		50	164.83
		50	164.99
		50	165.16
		50	165.35
		50	165.51
		50	165.68
		50	165.86
		50	166.03
		50	166.19
		50	166.36
		50	166.54
		50	166.71
		50	166.87
		50	167.04
		50	167.21
		50	167.39
		50	167.56
		50	167.74
		50	167.91
		50	168.08
		50	168.24
		50	168.41
		50	168.59
		50	168.76
		50	168.92
		50	169.09
		50	169.27
		50	169.44
		50	169.60
		50	169.77
		50	169.95
		50	170.12
		50	170.28
		50	170.45
		50	170.64
		50	170.80
		50	170.97
		50	171.15
		50	171.32
		50	171.49
		50	171.65
		50	171.83
		50	172.00
		50	172.17
		50	172.33
		50	172.50
		50	172.68
		50	172.85
		50	173.03
		50	173.20
		50	173.37
		50	173.53
		50	173.70
		50	173.88
		50	174.05
		50	174.23
		50	174.38
		50	174.56
		50	174.73
		50	174.90
		50	175.08
		50	175.25
		50	175.43
		50	175.58
		50	175.76
		50	175.93
		50	176.11
		50	176.26
		50	176.44
		50	176.63
		50	176.78
		50	176.96
		50	177.13
		50	177.31
		50	177.48
		50	177.64
		50	177.81
		50	177.98
		50	178.16
		50	178.33
		50	178.51
		50	178.68
		50	178.84
		50	179.01
		50	179.19
		50	179.36
		50	179.52
		50	179.69
		50	179.86
		50	180.04
		50	180.21
		50	180.39
		50	180.56
		50	180.72
		50	180.89
		50	181.06
		50	181.24
		50	181.41
		50	181.57
		50	181.74
		50	181.92
		50	182.09
		50	182.25
		50	182.44
		50	182.61
		50	182.77
		50	182.94
		50	183.12
		50	183.29
		50	183.45
		50	183.62
		50	183.80
		50	183.97
		50	184.14
		50	184.30
		50	184.47
		50	184.67
		50	184.82
		50	185.00
		50	185.17
		50	185.34
		50	185.50
		50	185.68
		50	185.85
		50	186.02
		50	186.18
		50	186.35
		50	186.53
		50	186.70
		50	186.88
		50	187.05
		50	187.22
		50	187.40
		50	187.55
		50	187.73
		50	187.90
		50	188.08
		50	188.23
		50	188.41
		50	188.58
		50	188.76
		50	188.93
		50	189.10
		50	189.28
		50	189.43
		50	189.61
		50	189.78
		50	189.96
		50	190.11
		50	190.29
		50	190.46
		50	190.63
		50	190.81
		50	190.98
		50	191.16
		50	191.33
		50	191.49
		50	191.66
		50	191.84
		50	192.01
		50	192.18
		50	192.36
		50	192.53
		50	192.69
		50	192.86
		50	193.04
		50	193.21
		50	193.37
		50	193.54
		50	193.71
		50	193.89
		50	194.06
		50	194.24
		50	194.41
		50	194.58
		50	194.74
		50	194.91
		50	195.09
		50	195.26
		50	195.42
		50	195.59
		50	195.77
		50	195.94
		50	196.12
		50	196.29
		50	196.46
		50	196.62
		50	196.79
		50	196.97
		50	197.14
		50	197.32
		50	197.47
		50	197.65
		50	197.82
		50	197.99
		50	198.17
		50	198.34
		50	198.52
		50	198.67
		50	198.85
		50	199.02
		50	199.20
		50	199.35
		50	199.53
		50	199.70
		50	199.87
		50	200.03
		50	200.22
		50	200.40
		50	200.55
		50	200.73
		50	200.90
		50	201.07
		50	201.25
		50	201.41
		50	201.58
		50	201.75
		50	201.93
		50	202.08
		50	202.28
		50	202.45
		50	202.61
		50	202.78
		50	202.95
		50	203.13
		50	203.28
		50	203.46
		50	203.63
		50	203.81
		50	203.98
		50	204.15
		50	204.33
		50	204.50
		50	204.66
		50	204.83
		50	205.01
		50	205.18
		50	205.34
		50	205.51
		50	205.69
		50	205.86
		50	206.03
		50	206.21
		50	206.38
		50	206.54
		50	206.71
		50	206.89
		50	207.06
		50	207.23
		50	207.39
		50	207.56
		50	207.74
		50	207.91
		50	208.07
		50	208.26
		50	208.43
		50	208.59
		50	208.77
		50	208.94
		50	209.11
		50	209.27
		50	209.44
		50	209.62
		50	209.79
		50	209.95
		50	210.12
		50	210.30
		50	210.47
		50	210.64
		50	210.82
		50	210.99
		50	211.17
		50	211.32
		50	211.50
		50	211.67
		50	211.85
		50	212.00
		50	212.18
		50	212.35
		50	212.52
		50	212.68
		50	212.85
		50	213.05
		50	213.20
		50	213.38
		50	213.55
		50	213.72
		50	213.90
		50	214.05
		50	214.23
		50	214.40
		50	214.58
		50	214.73
		50	214.91
		50	215.10
		50	215.26
		50	215.43
		50	215.60
		50	215.78
		50	215.93
		50	216.11
		50	216.28
		50	216.46
		50	216.63
		50	216.79
		50	216.96
		50	217.15
		50	217.31
		50	217.48
		50	217.66
		50	217.83
		50	217.99
		50	218.16
		50	218.34
		50	218.51
		50	218.67
		50	218.84
		50	219.01
		50	219.19
		50	219.36
		50	219.54
		50	219.71
		50	219.87
		50	220.04
		50	220.21
		50	220.39
		50	220.56
		50	220.72
		50	220.89
		50	221.07
		50	221.24
		50	221.42
		50	221.59
		50	221.76
		50	221.92
		50	222.09
		50	222.27
		50	222.44
		50	222.60
		50	222.77
		50	222.95
		50	223.12
		50	223.29
		50	223.45
		50	223.62
		50	223.80
		50	223.97
		50	224.13
		50	224.32
		50	224.49
		50	224.65
		50	224.83
		50	225.00
		50	225.17
		50	225.33
		50	225.50
		50	225.68
		50	225.85
		50	226.03
		50	226.18
		50	226.36
		50	226.53
		50	226.70
		50	226.86
		50	227.04
		50	227.23
		50	227.38
		50	227.56
		50	227.73
		50	227.91
		50	228.06
		50	228.24
		50	228.41
		50	228.58
		50	228.74
		50	228.91
		50	229.11
		50	229.26
		50	229.44
		50	229.61
		50	229.78
		50	229.96
		50	230.12
		50	230.29
		50	230.46
		50	230.64
		50	230.79
		50	230.97
		50	231.14
		50	231.32
		50	231.49
		50	231.66
		50	231.84
		50	231.99
		50	232.17
		50	232.34
		50	232.52
		50	232.69
		50	232.85
		50	233.02
		50	233.19
		50	233.37
		50	233.53
		50	233.70
		50	233.87
		50	234.05
		50	234.22
		50	234.40
		50	234.57
		50	234.73
		50	234.90
		50	235.07
		50	235.25
		50	235.42
		50	235.58
		50	235.75
		50	235.93
		50	236.10
		50	236.26
		50	236.43
		50	236.61
		50	236.78
		50	236.95
		50	237.13
		50	237.30
		50	237.46
		50	237.63
		50	237.81
		50	237.98
		50	238.14
		50	238.31
		50	238.48
		50	238.66
		50	238.83
		50	238.99
		50	239.16
		50	239.34
		50	239.51
		50	239.69
		50	239.86
		50	240.03
		50	240.19
		50	240.36
		50	240.54
		50	240.71
		50	240.87
		50	241.04
		50	241.22
		50	241.39
		50	241.56
		50	241.72
		50	241.89
		50	242.09
		50	242.24
		50	242.42
		50	242.59
		50	242.76
		50	242.92
		50	243.10
		50	243.27
		50	243.44
		50	243.60
		50	243.77
		50	243.95
		50	244.12
		50	244.30
		50	244.45
		50	244.64
		50	244.82
		50	244.97
		50	245.15
		50	245.32
		50	245.50
		50	245.65
		50	245.83
		50	246.00
		50	246.18
		50	246.33
		50	246.51
		50	246.68
		50	246.85
		50	247.03
		50	247.20
		50	247.38
		50	247.53
		50	247.71
		50	247.88
		50	248.05
		50	248.23
		50	248.39
		50	248.56
		50	248.73
		50	248.91
		50	249.06
		50	249.24
		50	249.41
		50	249.59
		50	249.74
		50	249.93
		50	250.11
		50	250.26
		50	250.44
		50	250.61
		50	250.79
		50	250.96
		50	251.12
		50	251.29
		50	251.46
		50	251.64
		50	251.80
		50	251.97
		50	252.14
		50	252.32
		50	252.49
		50	252.67
		50	252.84
		50	253.00
		50	253.17
		50	253.34
		50	253.52
		50	253.69
		50	253.85
		50	254.02
		50	254.20
		50	254.37
		50	254.53
		50	254.70
		50	254.88
		50	255.05
		50	255.22
		50	255.40
		50	255.57
		50	255.73
		50	255.90
		50	256.08
		50	256.25
		50	256.41
		50	256.58
		50	256.75
		50	256.93
		50	257.10
		50	257.26
		50	257.45
		50	257.62
		50	257.78
		50	257.96
		50	258.13
		50	258.30
		50	258.46
		50	258.63
		50	258.81
		50	258.98
		50	259.14
		50	259.31
		50	259.49
		50	259.66
		50	259.83
		50	260.01
		50	260.18
		50	260.36
		50	260.51
		50	260.69
		50	260.86
		50	261.03
		50	261.19
		50	261.37
		50	261.54
		50	261.71
		50	261.89
		50	262.06
		50	262.24
		50	262.39
		50	262.57
		50	262.74
		50	262.91
		50	263.09
		50	263.24
		50	263.42
		50	263.59
		50	263.77
		50	263.92
		50	264.11
		50	264.29
		50	264.45
		50	264.62
		50	264.79
		50	264.97
		50	265.12
		50	265.30
		50	265.47
		50	265.65
		50	265.80
		50	265.98
		50	266.15
		50	266.32
		50	266.50
		50	266.66
		50	266.83
		50	267.00
		50	267.18
		50	267.35
		50	267.52
		50	267.70
		50	267.86
		50	268.03
		50	268.20
		50	268.38
		50	268.53
		50	268.71
		50	268.88
		50	269.06
		50	269.23
		50	269.39
		50	269.56
		50	269.73
		50	269.91
		50	270.08
		50	270.26
		50	270.43
		50	270.59
		50	270.76
		50	270.94
		50	271.11
		50	271.27
		50	271.44
		50	271.61
		50	271.79
		50	271.96
		50	272.12
		50	272.29
		50	272.48
		50	272.64
		50	272.81
		50	272.99
		50	273.16
		50	273.32
		50	273.49
		50	273.67
		50	273.84
		50	274.00
		50	274.17
		50	274.35
		50	274.52
		50	274.68
		50	274.85
		50	275.04
		50	275.20
		50	275.37
		50	275.55
		50	275.72
		50	275.89
		50	276.05
		50	276.23
		50	276.40
		50	276.57
		50	276.73
		50	276.90
		50	277.10
		50	277.25
		50	277.43
		50	277.60
		50	277.77
		50	277.93
		50	278.10
		50	278.28
		50	278.45
		50	278.63
		50	278.78
		50	278.96
		50	279.13
		50	279.30
		50	279.46
		50	279.64
		50	279.81
		50	279.98
		50	280.16
		50	280.33
		50	280.51
		50	280.66
		50	280.84
		50	281.01
		50	281.18
		50	281.36
		50	281.51
		50	281.69
		50	281.86
		50	282.04
		50	282.19
		50	282.37
		50	282.54
		50	282.72
		50	282.89
		50	283.06
		50	283.24
		50	283.39
		50	283.57
		50	283.74
		50	283.92
		50	284.07
		50	284.25
		50	284.42
		50	284.59
		50	284.77
		50	284.93
		50	285.10
		50	285.27
		50	285.45
		50	285.60
		50	285.78
		50	285.95
		50	286.13
		50	286.30
		50	286.47
		50	286.65
		50	286.80
		50	286.98
		50	287.15
		50	287.33
		50	287.50
		50	287.66
		50	287.83
		50	288.00
		50	288.18
		50	288.34
		50	288.53
		50	288.70
		50	288.86
		50	289.03
		50	289.21
		50	289.38
		50	289.54
		50	289.71
		50	289.88
		50	290.06
		50	290.23
		50	290.39
		50	290.56
		50	290.74
		50	290.91
		50	291.08
		50	291.26
		50	291.43
		50	291.59
		50	291.76
		50	291.94
		50	292.11
		50	292.27
		50	292.44
		50	292.62
		50	292.79
		50	292.95
		50	293.12
		50	293.29
		50	293.47
		50	293.64
		50	293.82
		50	293.99
		50	294.16
		50	294.32
		50	294.50
		50	294.67
		50	294.84
		50	295.00
		50	295.17
		50	295.35
		50	295.52
		50	295.68
		50	295.85
		50	296.03
		50	296.20
		50	296.37
		50	296.55
		50	296.72
		50	296.90
		50	297.05
		50	297.23
		50	297.40
		50	297.57
		50	297.73
		50	297.91
		50	298.08
		50	298.25
		50	298.41
		50	298.58
		50	298.76
		50	298.93
		50	299.11
		50	299.26
		50	299.45
		50	299.63
		50	299.78
		50	299.96
		50	300.13
		50	300.31
		50	300.46
		50	300.64
		50	300.81
		50	300.99
		50	301.14
		50	301.32
		50	301.49
		50	301.66
		50	301.82
		50	301.99
		50	302.17
		50	302.34
		50	302.52
		50	302.69
		50	302.86
		50	303.04
		50	303.20
		50	303.37
		50	303.54
		50	303.72
		50	303.87
		50	304.05
		50	304.22
		50	304.40
		50	304.55
		50	304.73
		50	304.90
		50	305.07
		50	305.25
		50	305.42
		50	305.60
		50	305.77
		50	305.93
		50	306.10
		50	306.27
		50	306.45
		50	306.61
		50	306.78
		50	306.95
		50	307.13
		50	307.28
		50	307.46
		50	307.63
		50	307.81
		50	307.98
		50	308.15
		50	308.33
		50	308.50
		50	308.66
		50	308.83
		50	309.01
		50	309.18
		50	309.34
		50	309.51
		50	309.69
		50	309.86
		50	310.02
		50	310.19
		50	310.36
		50	310.54
		50	310.71
		50	310.89
		50	311.06
		50	311.22
		50	311.39
		50	311.56
		50	311.74
		50	311.91
		50	312.07
		50	312.24
		50	312.42
		50	312.59
		50	312.75
		50	312.92
		50	313.10
		50	313.27
		50	313.43
		50	313.60
		50	313.79
		50	313.95
		50	314.12
		50	314.30
		50	314.47
		50	314.64
		50	314.80
		50	314.97
		50	315.15
		50	315.32
		50	315.48
		50	315.65
		50	315.83
		50	316.00
		50	316.16
		50	316.33
		50	316.52
		50	316.68
		50	316.85
		50	317.03
		50	317.20
		50	317.38
		50	317.53
		50	317.71
		50	317.88
		50	318.05
		50	318.21
		50	318.39
		50	318.56
		50	318.73
		50	318.91
		50	319.08
		50	319.26
		50	319.41
		50	319.59
		50	319.76
		50	319.93
		50	320.09
		50	320.26
		50	320.44
		50	320.61
		50	320.79
		50	320.94
		50	321.13
		50	321.31
		50	321.47
		50	321.64
		50	321.81
		50	321.99
		50	322.14
		50	322.32
		50	322.49
		50	322.67
		50	322.82
		50	323.00
		50	323.17
		50	323.34
		50	323.52
		50	323.69
		50	323.87
		50	324.04
		50	324.20
		50	324.37
		50	324.54
		50	324.72
		50	324.88
		50	325.05
		50	325.22
		50	325.40
		50	325.57
		50	325.75
		50	325.92
		50	326.08
		50	326.25
		50	326.42
		50	326.60
		50	326.77
		50	326.93
		50	327.10
		50	327.28
		50	327.45
		50	327.61
		50	327.78
		50	327.96
		50	328.13
		50	328.29
		50	328.48
		50	328.65
		50	328.81
		50	328.98
		50	329.16
		50	329.33
		50	329.49
		50	329.66
		50	329.83
		50	330.01
		50	330.18
		50	330.34
		50	330.51
		50	330.69
		50	330.86
		50	331.04
		50	331.21
		50	331.38
		50	331.54
		50	331.71
		50	331.89
		50	332.06
		50	332.22
		50	332.39
		50	332.57
		50	332.74
		50	332.91
		50	333.07
		50	333.24
		50	333.42
		50	333.59
		50	333.77
		50	333.94
		50	334.11
		50	334.27
		50	334.45
		50	334.62
		50	334.79
		50	334.95
		50	335.12
		50	335.30
		50	335.47
		50	335.65
		50	335.80
		50	335.99
		50	336.17
		50	336.32
		50	336.50
		50	336.67
		50	336.85
		50	337.00
		50	337.18
		50	337.35
		50	337.53
		50	337.68
		50	337.86
		50	338.05
		50	338.20
		50	338.38
		50	338.55
		50	338.73
		50	338.88
		50	339.06
		50	339.23
		50	339.40
		50	339.58
		50	339.74
		50	339.91
		50	340.10
		50	340.26
		50	340.43
		50	340.61
		50	340.78
		50	340.94
		50	341.11
		50	341.28
		50	341.46
		50	341.61
		50	341.79
		50	341.96
		50	342.14
		50	342.31
		50	342.47
		50	342.64
		50	342.83
		50	342.99
		50	343.16
		50	343.34
		50	343.51
		50	343.67
		50	343.84
		50	344.02
		50	344.19
		50	344.35
		50	344.52
		50	344.69
		50	344.87
		50	345.04
		50	345.20
		50	345.37
		50	345.55
		50	345.72
		50	345.89
		50	346.07
		50	346.24
		50	346.40
		50	346.57
		50	346.75
		50	346.92
		50	347.08
		50	347.25
		50	347.43
		50	347.60
		50	347.76
		50	347.93
		50	348.10
		50	348.28
		50	348.45
		50	348.61
		50	348.80
		50	348.97
		50	349.13
		50	349.30
		50	349.48
		50	349.65
		50	349.81
		50	349.98
		50	350.16
		50	350.33
		50	350.49
		50	350.66
		50	350.84
		50	351.01
		50	351.18
		50	351.36
		50	351.53
		50	351.71
		50	351.86
		50	352.04
		50	352.21
		50	352.38
		50	352.54
		50	352.72
		50	352.89
		50	353.06
		50	353.24
		50	353.41
		50	353.59
		50	353.74
		50	353.92
		50	354.09
		50	354.26
		50	354.44
		50	354.59
		50	354.77
		50	354.94
		50	355.12
		50	355.27
		50	355.45
		50	355.64
		50	355.80
		50	355.97
		50	356.14
		50	356.32
		50	356.47
		50	356.65
		50	356.82
		50	357.00
		50	357.15
		50	357.33
		50	357.50
		50	357.67
		50	357.85
		50	358.01
		50	358.18
		50	358.35
		50	358.53
		50	358.70
		50	358.88
		50	359.05
		50	359.21
		50	359.38
		50	359.55
		50	359.73
		50	359.88
		50	360.06
		50	360.23
		50	360.41
		50	360.58
		50	360.75
		50	360.93
		50	361.10
		50	361.26
		50	361.43
		50	361.61
		50	361.78
		50	361.94
		50	362.11
		50	362.29
		50	362.46
		50	362.62
		50	362.81
		50	362.98
		50	363.14
		50	363.31
		50	363.49
		50	363.66
		50	363.83
		50	363.99
		50	364.16
		50	364.34
		50	364.51
		50	364.67
		50	364.84
		50	365.03
		50	365.19
		50	365.37
		50	365.54
		50	365.71
		50	365.87
		50	366.04
		50	366.22
		50	366.39
		50	366.55
		50	366.72
		50	366.90
		50	367.07
		50	367.24
		50	367.42
		50	367.59
		50	367.77
		50	367.92
		50	368.10
		50	368.27
		50	368.45
		50	368.60
		50	368.78
		50	368.95
		50	369.12
		50	369.30
		50	369.47
		50	369.65
		50	369.80
		50	369.98
		50	370.15
		50	370.32
		50	370.50
		50	370.65
		50	370.83
		50	371.00
		50	371.18
		50	371.33
		50	371.52
		50	371.70
		50	371.86
		50	372.03
		50	372.20
		50	372.38
		50	372.53
		50	372.71
		50	372.88
		50	373.06
		50	373.23
		50	373.39
		50	373.56
		50	373.75
		50	373.91
		50	374.08
		50	374.26
		50	374.43
		50	374.59
		50	374.76
		50	374.94
		50	375.11
		50	375.27
		50	375.44
		50	375.61
		50	375.79
		50	375.94
		50	376.14
		50	376.31
		50	376.47
		50	376.64
		50	376.81
		50	376.99
		50	377.16
		50	377.32
		50	377.49
		50	377.67
		50	377.84
		50	378.00
		50	378.17
		50	378.35
		50	378.52
		50	378.68
		50	378.85
		50	379.02
		50	379.20
		50	379.37
		50	379.55
		50	379.72
		50	379.89
		50	380.05
		50	380.22
		50	380.40
		50	380.57
		50	380.73
		50	380.90
		50	381.08
		50	381.25
		50	381.41
		50	381.58
		50	381.76
		50	381.93
		50	382.10
		50	382.28
		50	382.45
		50	382.63
		50	382.78
		50	382.96
		50	383.13
		50	383.30
		50	383.46
		50	383.64
		50	383.81
		50	383.98
		50	384.16
		50	384.33
		50	384.51
		50	384.66
		50	384.84
		50	385.01
		50	385.18
		50	385.34
		50	385.51
		50	385.69
		50	385.86
		50	386.04
		50	386.19
		50	386.37
		50	386.56
		50	386.72
		50	386.89
		50	387.06
		50	387.24
		50	387.39
		50	387.57
		50	387.74
		50	387.92
		50	388.07
		50	388.25
		50	388.42
		50	388.59
		50	388.77
		50	388.94
		50	389.12
		50	389.29
		50	389.45
		50	389.62
		50	389.79
		50	389.97
		50	390.13
		50	390.30
		50	390.47
		50	390.65
		50	390.80
		50	390.98
		50	391.17
		50	391.33
		50	391.50
		50	391.67
		50	391.85
		50	392.02
		50	392.18
		50	392.35
		50	392.53
		50	392.70
		50	392.86
		50	393.03
		50	393.22
		50	393.38
		50	393.55
		50	393.73
		50	393.90
		50	394.06
		50	394.23
		50	394.41
		50	394.58
		50	394.74
		50	394.91
		50	395.08
		50	395.26
		50	395.43
		50	395.59
		50	395.78
		50	395.95
		50	396.11
		50	396.29
		50	396.46
		50	396.63
		50	396.79
		50	396.96
		50	397.14
		50	397.31
		50	397.47
		50	397.64
		50	397.82
		50	397.99
		50	398.16
		50	398.34
		50	398.51
		50	398.69
		50	398.84
		50	399.02
		50	399.19
		50	399.36
		50	399.52
		50	399.70
		50	399.87
		50	400.04
		50	400.22
		50	400.39
		50	400.57
		50	400.72
		50	400.90
		50	401.07
		50	401.24
		50	401.42
		50	401.57
		50	401.75
		50	401.92
		50	402.10
		50	402.27
		50	402.44
		50	402.62
		50	402.78
		50	402.95
		50	403.12
		50	403.30
		50	403.45
		50	403.63
		50	403.80
		50	403.98
		50	404.15
		50	404.32
		50	404.50
		50	404.65
		50	404.83
		50	405.00
		50	405.18
		50	405.35
		50	405.51
		50	405.68
		50	405.86
		50	406.03
		50	406.20
		50	406.38
		50	406.55
		50	406.71
		50	406.88
		50	407.06
		50	407.23
		50	407.39
		50	407.56
		50	407.73
		50	407.91
		50	408.08
		50	408.24
		50	408.41
		50	408.59
		50	408.76
		50	408.93
		50	409.11
		50	409.28
		50	409.44
		50	409.61
		50	409.79
		50	409.96
		50	410.12
		50	410.29
		50	410.47
		50	410.64
		50	410.81
		50	410.99
		50	411.16
		50	411.34
		50	411.49
		50	411.67
		50	411.84
		50	412.01
		50	412.17
		50	412.35
		50	412.52
		50	412.69
		50	412.85
		50	413.02
		50	413.20
		50	413.37
		50	413.55
		50	413.72
		50	413.89
		50	414.05
		50	414.22
		50	414.40
		50	414.57
		50	414.75
		50	414.90
		50	415.08
		50	415.25
		50	415.43
		50	415.60
		50	415.77
		50	415.95
		50	416.10
		50	416.28
		50	416.45
		50	416.63
		50	416.78
		50	416.96
		50	417.13
		50	417.30
		50	417.48
		50	417.65
		50	417.83
		50	418.00
		50	418.16
		50	418.33
		50	418.50
		50	418.68
		50	418.84
		50	419.01
		50	419.20
		50	419.36
		50	419.53
		50	419.71
		50	419.88
		50	420.04
		50	420.21
		50	420.38
		50	420.56
		50	420.73
		50	420.89
		50	421.06
		50	421.25
		50	421.41
		50	421.58
		50	421.76
		50	421.93
		50	422.09
		50	422.26
		50	422.44
		50	422.61
		50	422.77
		50	422.94
		50	423.12
		50	423.29
		50	423.46
		50	423.64
		50	423.81
		50	423.97
		50	424.14
		50	424.32
		50	424.49
		50	424.66
		50	424.82
		50	425.00
		50	425.19
		50	425.34
		50	425.52
		50	425.69
		50	425.87
		50	426.02
		50	426.20
		50	426.37
		50	426.54
		50	426.70
		50	426.87
		50	427.07
		50	427.22
		50	427.40
		50	427.57
		50	427.74
		50	427.92
		50	428.07
		50	428.25
		50	428.42
		50	428.60
		50	428.75
		50	428.93
		50	429.10
		50	429.28
		50	429.43
		50	429.62
		50	429.80
		50	429.95
		50	430.13
		50	430.30
		50	430.48
		50	430.65
		50	430.81
		50	430.98
		50	431.15
		50	431.33
		50	431.49
		50	431.66
		50	431.83
		50	432.01
		50	432.18
		50	432.36
		50	432.53
		50	432.69
		50	432.86
		50	433.03
		50	433.21
		50	433.36
		50	433.54
		50	433.71
		50	433.89
		50	434.06
		50	434.23
		50	434.41
		50	434.58
		50	434.74
		50	434.91
		50	435.09
		50	435.26
		50	435.44
		50	435.61
		50	435.78
		50	435.94
		50	436.11
		50	436.29
		50	436.46
		50	436.62
		50	436.79
		50	436.97
		50	437.14
		50	437.31
		50	437.49
		50	437.66
		50	437.84
		50	437.99
		50	438.17
		50	438.34
		50	438.51
		50	438.67
		50	438.86
		50	439.04
		50	439.19
		50	439.37
		50	439.54
		50	439.72
		50	439.87
		50	440.05
		50	440.22
		50	440.39
		50	440.57
		50	440.74
		50	440.92
		50	441.09
		50	441.25
		50	441.42
		50	441.59
		50	441.77
		50	441.93
		50	442.12
		50	442.29
		50	442.45
		50	442.62
		50	442.80
		50	442.97
		50	443.13
		50	443.30
		50	443.47
		50	443.65
		50	443.80
		50	444.00
		50	444.17
		50	444.33
		50	444.50
		50	444.67
		50	444.85
		50	445.02
		50	445.18
		50	445.35
		50	445.54
		50	445.70
		50	445.88
		50	446.05
		50	446.22
		50	446.38
		50	446.55
		50	446.73
		50	446.90
		50	447.06
		50	447.23
		50	447.42
		50	447.58
		50	447.75
		50	447.93
		50	448.10
		50	448.28
		50	448.43
		50	448.61
		50	448.78
		50	448.95
		50	449.13
		50	449.30
		50	449.48
		50	449.63
		50	449.81
		50	449.98
		50	450.16
		50	450.31
		50	450.49
		50	450.66
		50	450.83
		50	451.01
		50	451.18
		50	451.36
		50	451.53
		50	451.69
		50	451.86
		50	452.03
		50	452.21
		50	452.38
		50	452.56
		50	452.73
		50	452.89
		50	453.06
		50	453.24
		50	453.41
		50	453.57
		50	453.74
		50	453.91
		50	454.09
		50	454.26
		50	454.44
		50	454.61
		50	454.77
		50	454.94
		50	455.11
		50	455.29
		50	455.46
		50	455.64
		50	455.81
		50	455.98
		50	456.14
		50	456.32
		50	456.49
		50	456.66
		50	456.84
		50	457.01
		50	457.19
		50	457.34
		50	457.52
		50	457.69
		50	457.86
		50	458.02
		50	458.19
		50	458.39
		50	458.54
		50	458.72
		50	458.89
		50	459.06
		50	459.24
		50	459.39
		50	459.57
		50	459.76
		50	459.92
		50	460.09
		50	460.26
		50	460.44
		50	460.60
		50	460.77
		50	460.94
		50	461.12
		50	461.29
		50	461.47
		50	461.64
		50	461.80
		50	461.97
		50	462.14
		50	462.32
		50	462.49
		50	462.65
		50	462.82
		50	463.00
		50	463.17
		50	463.34
		50	463.52
		50	463.69
		50	463.85
		50	464.02
		50	464.20
		50	464.37
		50	464.53
		50	464.72
		50	464.89
		50	465.05
		50	465.22
		50	465.40
		50	465.57
		50	465.73
		50	465.90
		50	466.08
		50	466.25
		50	466.42
		50	466.60
		50	466.77
		50	466.95
		50	467.10
		50	467.28
		50	467.45
		50	467.63
		50	467.78
		50	467.96
		50	468.13
		50	468.30
		50	468.48
		50	468.65
		50	468.83
		50	468.98
		50	469.16
		50	469.33
		50	469.50
		50	469.68
		50	469.83
		50	470.03
		50	470.20
		50	470.36
		50	470.53
		50	470.70
		50	470.88
		50	471.04
		50	471.21
		50	471.38
		50	471.56
		50	471.73
		50	471.91
		50	472.08
		50	472.24
		50	472.41
		50	472.58
		50	472.76
		50	472.93
		50	473.11
		50	473.28
		50	473.45
		50	473.61
		50	473.78
		50	473.96
		50	474.13
		50	474.29
		50	474.48
		50	474.65
		50	474.81
		50	474.99
		50	475.16
		50	475.33
		50	475.49
		50	475.66
		50	475.86
		50	476.01
		50	476.19
		50	476.36
		50	476.53
		50	476.69
		50	476.86
		50	477.04
		50	477.21
		50	477.39
		50	477.56
		50	477.73
		50	477.91
		50	478.07
		50	478.24
		50	478.41
		50	478.59
		50	478.74
		50	478.94
		50	479.11
		50	479.27
		50	479.44
		50	479.61
		50	479.79
		50	479.94
		50	480.12
		50	480.29
		50	480.47
		50	480.64
		50	480.81
		50	480.99
		50	481.16
		50	481.32
		50	481.49
		50	481.67
		50	481.84
		50	482.00
		50	482.17
		50	482.35
		50	482.52
		50	482.69
		50	482.87
		50	483.04
		50	483.20
		50	483.37
		50	483.55
		50	483.72
		50	483.89
		50	484.05
		50	484.24
		50	484.42
		50	484.57
		50	484.75
		50	484.92
		50	485.09
		50	485.25
		50	485.43
		50	485.60
		50	485.77
		50	485.95
		50	486.12
		50	486.30
		50	486.45
		50	486.63
		50	486.80
		50	486.97
		50	487.13
		50	487.32
		50	487.50
		50	487.65
		50	487.83
		50	488.00
		50	488.17
		50	488.35
		50	488.51
		50	488.68
		50	488.87
		50	489.03
		50	489.20
		50	489.38
		50	489.55
		50	489.71
		50	489.88
		50	490.05
		50	490.23
		50	490.38
		50	490.58
		50	490.75
		50	490.91
		50	491.08
		50	491.25
		50	491.43
		50	491.60
		50	491.76
		50	491.93
		50	492.11
		50	492.28
		50	492.45
		50	492.63
		50	492.80
		50	492.96
		50	493.13
		50	493.31
		50	493.48
		50	493.64
		50	493.83
		50	494.00
		50	494.16
		50	494.33
		50	494.51
		50	494.68
		50	494.86
		50	495.01
		50	495.19
		50	495.38
		50	495.53
		50	495.71
		50	495.88
		50	496.06
		50	496.21
		50	496.39
		50	496.56
		50	496.74
		50	496.91
		50	497.08
		50	497.26
		50	497.41
		50	497.59
		50	497.76
		50	497.94
		50	498.09
		50	498.27
		50	498.46
		50	498.61
		50	498.79
		50	498.96
		50	499.14
		50	499.31
		50	499.47
		50	499.64
		50	499.83
		50	499.99
		50	500.16
		50	500.34
		50	500.51
		50	500.67
		50	500.84
		50	501.02
		50	501.19
		50	501.35
		50	501.52
		50	501.71
		50	501.87
		50	502.04
		50	502.22
		50	502.39
		50	502.56
		50	502.72
		50	502.89
		50	503.07
		50	503.24
		50	503.42
		50	503.59
		50	503.76
		50	503.92
		50	504.10
		50	504.27
		50	504.44
		50	504.60
		50	504.77
		50	504.97
		50	505.12
		50	505.30
		50	505.47
		50	505.64
		50	505.82
		50	505.97
		50	506.15
		50	506.32
		50	506.50
		50	506.67
		50	506.84
		50	507.02
		50	507.18
		50	507.35
		50	507.52
		50	507.70
		50	507.87
		50	508.05
		50	508.22
		50	508.38
		50	508.55
		50	508.72
		50	508.90
		50	509.05
		50	509.25
		50	509.42
		50	509.58
		50	509.75
		50	509.92
		50	510.10
		50	510.27
		50	510.43
		50	510.60
		50	510.79
		50	510.95
		50	511.13
		50	511.30
		50	511.47
		50	511.63
		50	511.80
		50	511.98
		50	512.15
		50	512.33
		50	512.50
		50	512.67
		50	512.83
		50	513.00
		50	513.18
		50	513.35
		50	513.53
		50	513.68
		50	513.87
		50	514.05
		50	514.20
		50	514.38
		50	514.55
		50	514.73
		50	514.88
		50	515.06
		50	515.25
		50	515.41
		50	515.58
		50	515.75
		50	515.93
		50	516.08
		50	516.26
		50	516.43
		50	516.61
		50	516.78
		50	516.95
		50	517.13
		50	517.30
		50	517.46
		50	517.63
		50	517.81
		50	517.98
		50	518.15
		50	518.33
		50	518.50
		50	518.66
		50	518.83
		50	519.01
		50	519.18
		50	519.34
		50	519.51
		50	519.69
		50	519.86
		50	520.03
		50	520.21
		50	520.38
		50	520.54
		50	520.71
		50	520.89
		50	521.06
		50	521.23
		50	521.41
		50	521.58
		50	521.76
		50	521.91
		50	522.09
		50	522.26
		50	522.44
		50	522.59
		50	522.77
		50	522.94
		50	523.11
		50	523.29
		50	523.46
		50	523.64
		50	523.79
		50	523.97
		50	524.14
		50	524.31
		50	524.49
		50	524.66
		50	524.84
		50	525.01
		50	525.17
		50	525.34
		50	525.51
		50	525.69
		50	525.85
		50	526.04
		50	526.21
		50	526.37
		50	526.54
		50	526.72
		50	526.89
		50	527.05
		50	527.22
		50	527.39
		50	527.57
		50	527.74
		50	527.92
		50	528.09
		50	528.26
		50	528.42
		50	528.59
		50	528.77
		50	528.94
		50	529.10
		50	529.29
		50	529.46
		50	529.62
		50	529.80
		50	529.97
		50	530.14
		50	530.30
		50	530.49
		50	530.67
		50	530.82
		50	531.00
		50	531.17
		50	531.34
		50	531.50
		50	531.67
		50	531.87
		50	532.02
		50	532.20
		50	532.37
		50	532.54
		50	532.72
		50	532.88
		50	533.05
		50	533.24
		50	533.40
		50	533.57
		50	533.75
		50	533.92
		50	534.08
		50	534.25
		50	534.42
		50	534.60
		50	534.77
		50	534.95
		50	535.12
		50	535.28
		50	535.45
		50	535.62
		50	535.80
		50	535.97
		50	536.15
		50	536.32
		50	536.49
		50	536.65
		50	536.82
		50	537.00
		50	537.17
		50	537.33
		50	537.50
		50	537.69
		50	537.85
		50	538.03
		50	538.20
		50	538.37
		50	538.53
		50	538.70
		50	538.88
		50	539.05
		50	539.23
		50	539.40
		50	539.57
		50	539.75
		50	539.90
		50	540.08
		50	540.25
		50	540.43
		50	540.58
		50	540.77
		50	540.95
		50	541.11
		50	541.28
		50	541.45
		50	541.63
		50	541.78
		50	541.96
		50	542.13
		50	542.31
		50	542.48
		50	542.65
		50	542.83
		50	542.98
		50	543.16
		50	543.33
		50	543.51
		50	543.68
		50	543.84
		50	544.01
		50	544.20
		50	544.36
		50	544.53
		50	544.71
		50	544.88
		50	545.04
		50	545.21
		50	545.39
		50	545.56
		50	545.73
		50	545.91
		50	546.08
		50	546.24
		50	546.41
		50	546.59
		50	546.76
		50	546.93
		50	547.11
		50	547.28
		50	547.46
		50	547.61
		50	547.79
		50	547.96
		50	548.13
		50	548.29
		50	548.48
		50	548.66
		50	548.81
		50	548.99
		50	549.16
		50	549.34
		50	549.49
		50	549.67
		50	549.84
		50	550.01
		50	550.19
		50	550.36
		50	550.54
		50	550.71
		50	550.87
		50	551.04
		50	551.23
		50	551.39
		50	551.56
		50	551.74
		50	551.91
		50	552.07
		50	552.24
		50	552.42
		50	552.59
		50	552.76
		50	552.94
		50	553.11
		50	553.27
		50	553.44
		50	553.62
		50	553.79
		50	553.95
		50	554.14
		50	554.31
		50	554.47
		50	554.64
		50	554.82
		50	554.99
		50	555.16
		50	555.32
		50	555.50
		50	555.67
		50	555.84
		50	556.02
		50	556.19
		50	556.36
		50	556.52
		50	556.70
		50	556.87
		50	557.04
		50	557.20
		50	557.37
		50	557.55
		50	557.72
		50	557.90
		50	558.07
		50	558.24
		50	558.42
		50	558.57
		50	558.75
		50	558.92
		50	559.10
		50	559.25
		50	559.44
		50	559.62
		50	559.78
		50	559.95
		50	560.12
		50	560.30
		50	560.45
		50	560.63
		50	560.82
		50	560.98
		50	561.15
		50	561.32
		50	561.50
		50	561.67
		50	561.83
		50	562.00
		50	562.18
		50	562.35
		50	562.52
		50	562.70
		50	562.87
		50	563.03
		50	563.20
		50	563.38
		50	563.55
		50	563.71
		50	563.90
		50	564.07
		50	564.23
		50	564.40
		50	564.58
		50	564.75
		50	564.91
		50	565.08
		50	565.27
		50	565.43
		50	565.60
		50	565.78
		50	565.95
		50	566.13
		50	566.28
		50	566.46
		50	566.65
		50	566.80
		50	566.98
		50	567.15
		50	567.33
		50	567.48
		50	567.66
		50	567.83
		50	568.01
		50	568.18
		50	568.35
		50	568.53
		50	568.68
		50	568.86
		50	569.03
		50	569.21
		50	569.38
		50	569.55
		50	569.73
		50	569.90
		50	570.06