		100	0.00
		100	0.00
		100	0.00
		100	0.00
		100	0.00
		100	0.00
		100	0.03
		100	0.10
		100	0.23
		100	0.35
		100	0.49
		100	0.63
		100	0.80
		100	0.96
		100	1.11
		100	1.27
		100	1.44
		100	1.60
		100	1.79
		100	1.97
		100	2.12
		100	2.30
		100	2.49
		100	2.64
		100	2.84
		100	3.01
		100	3.17
		100	3.36
		100	3.53
		100	3.71
		100	3.88
		100	4.05
		100	4.23
		100	4.40
		100	4.58
		100	4.77
		100	4.92
		100	5.12
		100	5.29
		100	5.46
		100	5.64
		100	5.81
		100	5.99
		100	6.18
		100	6.33
		100	6.53
		100	6.70
		100	6.87
		100	7.06
		100	7.22
		100	7.41
		100	7.59
		100	7.76
		100	7.93
		100	8.11
		100	8.28
		100	8.46
		100	8.63
		100	8.82
		100	8.98
		100	9.17
		100	9.34
		100	9.52
		100	9.71
		100	9.87
		100	10.06
		100	10.23
		100	10.44
		100	10.63
		100	10.82
		100	11.01
		100	11.19
		100	11.40
		100	11.59
		100	11.78
		100	11.95
		100	12.16
		100	12.35
		100	12.55
		100	12.72
		100	12.93
		100	13.12
		100	13.31
		100	13.49
		100	13.68
		100	13.89
		100	14.08
		100	14.27
		100	14.44
		100	14.65
		100	14.84
		100	15.03
		100	15.21
		100	15.42
		100	15.61
		100	15.80
		100	15.99
		100	16.18
		100	16.37
		100	16.56
		100	16.76
		100	16.93
		100	17.14
		100	17.33
		100	17.52
		100	17.70
		100	17.90
		100	18.10
		100	18.29
		100	18.46
		100	18.67
		100	18.86
		100	19.05
		100	19.24
		100	19.42
		100	19.63
		100	19.82
		100	19.99
		100	20.18
		100	20.39
		100	20.58
		100	20.78
		100	20.95
		100	21.16
		100	21.35
		100	21.54
		100	21.72
		100	21.92
		100	22.12
		100	22.31
		100	22.50
		100	22.67
		100	22.88
		100	23.07
		100	23.26
		100	23.44
		100	23.65
		100	23.84
		100	24.03
		100	24.20
		100	24.41
		100	24.60
		100	24.79
		100	24.99
		100	25.16
		100	25.37
		100	25.56
		100	25.75
		100	25.93
		100	26.13
		100	26.33
		100	26.52
		100	26.69
		100	26.90
		100	27.09
		100	27.28
		100	27.47
		100	27.67
		100	27.86
		100	28.05
		100	28.24
		100	28.41
		100	28.62
		100	28.81
		100	29.01
		100	29.18
		100	29.39
		100	29.58
		100	29.77
		100	29.96
		100	30.15
		100	30.35
		100	30.54
		100	30.73
		100	30.90
		100	31.11
		100	31.30
		100	31.49
		100	31.67
		100	31.88
		100	32.07
		100	32.26
		100	32.45
		100	32.64
		100	32.83
		100	33.03
		100	33.22
		100	33.41
		100	33.60
		100	33.79
		100	33.98
		100	34.17
		100	34.37
		100	34.56
		100	34.75
		100	34.94
		100	35.13
		100	35.32
		100	35.51
		100	35.70
		100	35.90
		100	36.09
		100	36.28
		100	36.47
		100	36.66
		100	36.85
		100	37.04
		100	37.24
		100	37.43
		100	37.62
		100	37.81
		100	38.00
		100	38.19
		100	38.38
		100	38.58
		100	38.77
		100	38.96
		100	39.15
		100	39.34
		100	39.53
		100	39.72
		100	39.92
		100	40.11
		100	40.30
		100	40.49
		100	40.68
		100	40.87
		100	41.06
		100	41.26
		100	41.45
		100	41.64
		100	41.83
		100	42.02
		100	42.21
		100	42.40
		100	42.60
		100	42.80
		100	42.98
		100	43.17
		100	43.36
		100	43.55
		100	43.74
		100	43.94
		100	44.13
		100	44.32
		100	44.53
		100	44.70
		100	44.89
		100	45.08
		100	45.29
		100	45.47
		100	45.66
		100	45.85
		100	46.04
		100	46.25
		100	46.42
		100	46.61
		100	46.81
		100	47.01
		100	47.19
		100	47.38
		100	47.57
		100	47.78
		100	47.97
		100	48.15
		100	48.34
		100	48.55
		100	48.74
		100	48.91
		100	49.10
		100	49.29
		100	49.50
		100	49.68
		100	49.87
		100	50.06
		100	50.27
		100	50.46
		100	50.63
		100	50.83
		100	51.03
		100	51.23
		100	51.40
		100	51.59
		100	51.78
		100	51.99
		100	52.18
		100	52.36
		100	52.55
		100	52.76
		100	52.95
		100	53.12
		100	53.31
		100	53.52
		100	53.71
		100	53.89
		100	54.08
		100	54.29
		100	54.48
		100	54.67
		100	54.84
		100	55.04
		100	55.25
		100	55.44
		100	55.61
		100	55.80
		100	56.01
		100	56.20
		100	56.39
		100	56.57
		100	56.78
		100	56.97
		100	57.16
		100	57.33
		100	57.52
		100	57.73
		100	57.92
		100	58.12
		100	58.29
		100	58.50
		100	58.69
		100	58.88
		100	59.07
		100	59.26
		100	59.46
		100	59.65
		100	59.84
		100	60.03
		100	60.22
		100	60.41
		100	60.60
		100	60.80
		100	60.99
		100	61.18
		100	61.37
		100	61.56
		100	61.75
		100	61.94
		100	62.14
		100	62.33
		100	62.52
		100	62.71
		100	62.90
		100	63.09
		100	63.28
		100	63.48
		100	63.67
		100	63.86
		100	64.05
		100	64.24
		100	64.43
		100	64.62
		100	64.81
		100	65.01
		100	65.20
		100	65.39
		100	65.58
		100	65.77
		100	65.96
		100	66.15
		100	66.35
		100	66.54
		100	66.73
		100	66.92
		100	67.11
		100	67.30
		100	67.49
		100	67.69
		100	67.88
		100	68.07
		100	68.26
		100	68.45
		100	68.64
		100	68.83
		100	69.03
		100	69.22
		100	69.41
		100	69.60
		100	69.79
		100	69.98
		100	70.17
		100	70.37
		100	70.56
		100	70.75
		100	70.94
		100	71.13
		100	71.32
		100	71.51
		100	71.71
		100	71.91
		100	72.09
		100	72.28
		100	72.47
		100	72.66
		100	72.85
		100	73.05
		100	73.24
		100	73.43
		100	73.64
		100	73.81
		100	74.00
		100	74.19
		100	74.40
		100	74.58
		100	74.77
		100	74.96
		100	75.17
		100	75.36
		100	75.53
		100	75.72
		100	75.92
		100	76.12
		100	76.30
		100	76.49
		100	76.68
		100	76.89
		100	77.06
		100	77.26
		100	77.45
		100	77.66
		100	77.85
		100	78.02
		100	78.21
		100	78.40
		100	78.61
		100	78.79
		100	78.98
		100	79.17
		100	79.38
		100	79.57
		100	79.74
		100	79.94
		100	80.14
		100	80.34
		100	80.51
		100	80.70
		100	80.91
		100	81.10
		100	81.29
		100	81.47
		100	81.66
		100	81.87
		100	82.06
		100	82.25
		100	82.42
		100	82.63
		100	82.82
		100	83.02
		100	83.19
		100	83.40
		100	83.59
		100	83.78
		100	83.97
		100	84.15
		100	84.36
		100	84.55
		100	84.74
		100	84.91
		100	85.12
		100	85.31
		100	85.50
		100	85.69
		100	85.89
		100	86.08
		100	86.27
		100	86.46
		100	86.65
		100	86.84
		100	87.03
		100	87.23
		100	87.42
		100	87.61
		100	87.80
		100	87.99
		100	88.18
		100	88.37
		100	88.57
		100	88.76
		100	88.95
		100	89.14
		100	89.33
		100	89.52
		100	89.71
		100	89.91
		100	90.10
		100	90.29
		100	90.48
		100	90.67
		100	90.86
		100	91.05
		100	91.25
		100	91.44
		100	91.63
		100	91.82
		100	92.01
		100	92.20
		100	92.39
		100	92.59
		100	92.78
		100	92.97
		100	93.16
		100	93.35
		100	93.54
		100	93.73
		100	93.93
		100	94.12
		100	94.31
		100	94.50
		100	94.69
		100	94.88
		100	95.07
		100	95.26
		100	95.46
		100	95.65
		100	95.84
		100	96.05
		100	96.22
		100	96.41
		100	96.60
		100	96.80
		100	97.01
		100	97.18
		100	97.37
		100	97.56
		100	97.77
		100	97.94
		100	98.14
		100	98.33
		100	98.54
		100	98.73
		100	98.90
		100	99.09
		100	99.28
		100	99.49
		100	99.68
		100	99.86
		100	100.05
		100	100.26
		100	100.47
		100	100.68
		100	100.89
		100	101.09
		100	101.30
		100	101.49
		100	101.70
		100	101.91
		100	102.12
		100	102.33
		100	102.54
		100	102.75
		100	102.94
		100	103.15
		100	103.36
		100	103.56
		100	103.77
		100	103.98
		100	104.19
		100	104.40
		100	104.59
		100	104.80
		100	105.01
		100	105.22
		100	105.43
		100	105.64
		100	105.84
		100	106.04
		100	106.24
		100	106.45
		100	106.66
		100	106.87
		100	107.08
		100	107.29
		100	107.48
		100	107.69
		100	107.90
		100	108.11
		100	108.31
		100	108.52
		100	108.73
		100	108.92
		100	109.13
		100	109.34
		100	109.55
		100	109.76
		100	109.97
		100	110.18
		100	110.37
		100	110.58
		100	110.79
		100	110.99
		100	111.20
		100	111.41
		100	111.62
		100	111.81
		100	112.02
		100	112.23
		100	112.44
		100	112.65
		100	112.86
		100	113.07
		100	113.27
		100	113.47
		100	113.67
		100	113.88
		100	114.09
		100	114.30
		100	114.51
		100	114.72
		100	114.91
		100	115.12
		100	115.33
		100	115.54
		100	115.74
		100	115.95
		100	116.16
		100	116.35
		100	116.56
		100	116.77
		100	116.98
		100	117.19
		100	117.40
		100	117.61
		100	117.80
		100	118.01
		100	118.22
		100	118.42
		100	118.63
		100	118.84
		100	119.05
		100	119.24
		100	119.45
		100	119.66
		100	119.87
		100	120.08
		100	120.29
		100	120.50
		100	120.69
		100	120.90
		100	121.10
		100	121.31
		100	121.52
		100	121.73
		100	121.94
		100	122.15
		100	122.34
		100	122.55
		100	122.76
		100	122.97
		100	123.17
		100	123.38
		100	123.59
		100	123.78
		100	123.99
		100	124.20
		100	124.41
		100	124.62
		100	124.83
		100	125.04
		100	125.23
		100	125.44
		100	125.65
		100	125.85
		100	126.06
		100	126.27
		100	126.48
		100	126.67
		100	126.88
		100	127.09
		100	127.30
		100	127.51
		100	127.72
		100	127.92
		100	128.12
		100	128.33
		100	128.53
		100	128.74
		100	128.95
		100	129.16
		100	129.37
		100	129.56
		100	129.77
		100	129.98
		100	130.19
		100	130.40
		100	130.60
		100	130.81
		100	131.02
		100	131.21
		100	131.42
		100	131.63
		100	131.84
		100	132.05
		100	132.26
		100	132.47
		100	132.66
		100	132.87
		100	133.08
		100	133.28
		100	133.49
		100	133.70
		100	133.91
		100	134.10
		100	134.31
		100	134.52
		100	134.73
		100	134.94
		100	135.15
		100	135.35
		100	135.55
		100	135.75
		100	135.96
		100	136.17
		100	136.38
		100	136.59
		100	136.80
		100	136.99
		100	137.20
		100	137.41
		100	137.62
		100	137.83
		100	138.03
		100	138.24
		100	138.43
		100	138.64
		100	138.85
		100	139.06
		100	139.27
		100	139.48
		100	139.69
		100	139.90
		100	140.09
		100	140.30
		100	140.51
		100	140.71
		100	140.92
		100	141.13
		100	141.34
		100	141.53
		100	141.74
		100	141.95
		100	142.16
		100	142.37
		100	142.58
		100	142.78
		100	142.98
		100	143.18
		100	143.39
		100	143.60
		100	143.81
		100	144.02
		100	144.23
		100	144.42
		100	144.63
		100	144.84
		100	145.05
		100	145.26
		100	145.46
		100	145.67
		100	145.86
		100	146.07
		100	146.28
		100	146.49
		100	146.70
		100	146.91
		100	147.12
		100	147.31
		100	147.52
		100	147.73
		100	147.95
		100	148.14
		100	148.35
		100	148.56
		100	148.77
		100	148.96
		100	149.17
		100	149.38
		100	149.61
		100	149.80
		100	150.01
		100	150.21
		100	150.42
		100	150.61
		100	150.84
		100	151.05
		100	151.26
		100	151.45
		100	151.66
		100	151.87
		100	152.08
		100	152.28
		100	152.49
		100	152.70
		100	152.89
		100	153.10
		100	153.31
		100	153.52
		100	153.73
		100	153.94
		100	154.15
		100	154.34
		100	154.55
		100	154.76
		100	154.96
		100	155.17
		100	155.38
		100	155.59
		100	155.78
		100	155.99
		100	156.20
		100	156.41
		100	156.62
		100	156.83
		100	157.04
		100	157.23
		100	157.44
		100	157.64
		100	157.85
		100	158.06
		100	158.27
		100	158.48
		100	158.69
		100	158.88
		100	159.09
		100	159.30
		100	159.51
		100	159.71
		100	159.92
		100	160.13
		100	160.32
		100	160.53
		100	160.74
		100	160.95
		100	161.16
		100	161.37
		100	161.58
		100	161.77
		100	161.98
		100	162.19
		100	162.39
		100	162.60
		100	162.81
		100	163.02
		100	163.21
		100	163.42
		100	163.63
		100	163.84
		100	164.05
		100	164.26
		100	164.46
		100	164.66
		100	164.87
		100	165.07
		100	165.28
		100	165.49
		100	165.70
		100	165.91
		100	166.10
		100	166.31
		100	166.52
		100	166.73
		100	166.94
		100	167.14
		100	167.35
		100	167.56
		100	167.75
		100	167.96
		100	168.17
		100	168.38
		100	168.59
		100	168.80
		100	169.01
		100	169.20
		100	169.41
		100	169.62
		100	169.82
		100	170.03
		100	170.24
		100	170.45
		100	170.64
		100	170.85
		100	171.06
		100	171.27
		100	171.48
		100	171.69
		100	171.89
		100	172.09
		100	172.29
		100	172.50
		100	172.71
		100	172.92
		100	173.13
		100	173.34
		100	173.53
		100	173.76
		100	173.97
		100	174.17
		100	174.38
		100	174.57
		100	174.78
		100	174.99
		100	175.20
		100	175.41
		100	175.62
		100	175.83
		100	176.02
		100	176.23
		100	176.44
		100	176.64
		100	176.85
		100	177.06
		100	177.27
		100	177.48
		100	177.67
		100	177.88
		100	178.09
		100	178.30
		100	178.51
		100	178.72
		100	178.92
		100	179.12
		100	179.32
		100	179.53
		100	179.74
		100	179.95
		100	180.16
		100	180.37
		100	180.56
		100	180.77
		100	180.98
		100	181.19
		100	181.40
		100	181.60
		100	181.81
		100	182.00
		100	182.21
		100	182.42
		100	182.63
		100	182.84
		100	183.05
		100	183.26
		100	183.45
		100	183.66
		100	183.87
		100	184.07
		100	184.28
		100	184.49
		100	184.70
		100	184.89
		100	185.10
		100	185.31
		100	185.52
		100	185.73
		100	185.94
		100	186.15
		100	186.35
		100	186.55
		100	186.75
		100	186.96
		100	187.17
		100	187.38
		100	187.59
		100	187.80
		100	187.99
		100	188.20
		100	188.41
		100	188.62
		100	188.82
		100	189.03
		100	189.24
		100	189.43
		100	189.64
		100	189.85
		100	190.06
		100	190.27
		100	190.48
		100	190.69
		100	190.88
		100	191.09
		100	191.31
		100	191.50
		100	191.73
		100	191.92
		100	192.13
		100	192.34
		100	192.55
		100	192.76
		100	192.97
		100	193.17
		100	193.37
		100	193.58
		100	193.78
		100	193.99
		100	194.20
		100	194.41
		100	194.62
		100	194.81
		100	195.02
		100	195.23
		100	195.44
		100	195.65
		100	195.85
		100	196.06
		100	196.27
		100	196.46
		100	196.67
		100	196.88
		100	197.09
		100	197.30
		100	197.51
		100	197.72
		100	197.91
		100	198.12
		100	198.33
		100	198.53
		100	198.74
		100	198.95
		100	199.16
		100	199.35
		100	199.56
		100	199.77
		100	199.98
		100	200.19
		100	200.40
		100	200.60
		100	200.80
		100	201.00
		100	201.21
		100	201.42
		100	201.63
		100	201.84
		100	202.05
		100	202.24
		100	202.45
		100	202.66
		100	202.87
		100	203.08
		100	203.28
		100	203.49
		100	203.68
		100	203.89
		100	204.10
		100	204.31
		100	204.52
		100	204.73
		100	204.94
		100	205.15
		100	205.34
		100	205.55
		100	205.76
		100	205.96
		100	206.17
		100	206.38
		100	206.59
		100	206.78
		100	206.99
		100	207.20
		100	207.41
		100	207.62
		100	207.83
		100	208.03
		100	208.23
		100	208.43
		100	208.64
		100	208.85
		100	209.06
		100	209.27
		100	209.48
		100	209.67
		100	209.88
		100	210.09
		100	210.30
		100	210.51
		100	210.71
		100	210.92
		100	211.11
		100	211.32
		100	211.53
		100	211.74
		100	211.95
		100	212.16
		100	212.37
		100	212.56
		100	212.77
		100	212.98
		100	213.18
		100	213.39
		100	213.60
		100	213.81
		100	214.02
		100	214.21
		100	214.42
		100	214.63
		100	214.84
		100	215.05
		100	215.26
		100	215.46
		100	215.66
		100	215.88
		100	216.09
		100	216.30
		100	216.51
		100	216.70
		100	216.91
		100	217.12
		100	217.33
		100	217.53
		100	217.74
		100	217.95
		100	218.14
		100	218.35
		100	218.56
		100	218.77
		100	218.98
		100	219.19
		100	219.40
		100	219.59
		100	219.80
		100	220.01
		100	220.21
		100	220.42
		100	220.63
		100	220.84
		100	221.03
		100	221.24
		100	221.45
		100	221.66
		100	221.87
		100	222.08
		100	222.29
		100	222.48
		100	222.69
		100	222.89
		100	223.10
		100	223.31
		100	223.52
		100	223.73
		100	223.94
		100	224.13
		100	224.34
		100	224.55
		100	224.77
		100	224.96
		100	225.17
		100	225.38
		100	225.59
		100	225.80
		100	226.01
		100	226.22
		100	226.43
		100	226.62
		100	226.83
		100	227.04
		100	227.24
		100	227.45
		100	227.66
		100	227.87
		100	228.06
		100	228.27
		100	228.48
		100	228.69
		100	228.90
		100	229.11
		100	229.31
		100	229.51
		100	229.71
		100	229.92
		100	230.13
		100	230.34
		100	230.55
		100	230.76
		100	230.95
		100	231.16
		100	231.37
		100	231.58
		100	231.79
		100	231.99
		100	232.20
		100	232.39
		100	232.60
		100	232.81
		100	233.02
		100	233.23
		100	233.44
		100	233.65
		100	233.86
		100	234.05
		100	234.26
		100	234.47
		100	234.67
		100	234.88
		100	235.09
		100	235.30
		100	235.49
		100	235.70
		100	235.91
		100	236.12
		100	236.33
		100	236.54
		100	236.74
		100	236.94
		100	237.14
		100	237.35
		100	237.56
		100	237.77
		100	237.98
		100	238.19
		100	238.38
		100	238.59
		100	238.80
		100	239.01
		100	239.22
		100	239.42
		100	239.63
		100	239.82
		100	240.03
		100	240.24
		100	240.45
		100	240.66
		100	240.87
		100	241.08
		100	241.27
		100	241.48
		100	241.69
		100	241.89
		100	242.10
		100	242.31
		100	242.52
		100	242.73
		100	242.92
		100	243.15
		100	243.36
		100	243.57
		100	243.77
		100	243.97
		100	244.17
		100	244.38
		100	244.59
		100	244.80
		100	245.01
		100	245.22
		100	245.41
		100	245.62
		100	245.83
		100	246.04
		100	246.24
		100	246.45
		100	246.66
		100	246.85
		100	247.06
		100	247.27
		100	247.48
		100	247.69
		100	247.90
		100	248.11
		100	248.30
		100	248.51
		100	248.72
		100	248.92
		100	249.13
		100	249.34
		100	249.55
		100	249.74
		100	249.95
		100	250.16
		100	250.37
		100	250.58
		100	250.79
		100	251.00
		100	251.19
		100	251.40
		100	251.60
		100	251.81
		100	252.02
		100	252.23
		100	252.44
		100	252.65
		100	252.84
		100	253.05
		100	253.26
		100	253.47
		100	253.67
		100	253.88
		100	254.09
		100	254.28
		100	254.49
		100	254.70
		100	254.91
		100	255.12
		100	255.33
		100	255.54
		100	255.75
		100	255.94
		100	256.16
		100	256.37
		100	256.58
		100	256.77
		100	256.98
		100	257.19
		100	257.40
		100	257.61
		100	257.82
		100	258.02
		100	258.22
		100	258.42
		100	258.63
		100	258.84
		100	259.05
		100	259.26
		100	259.47
		100	259.66
		100	259.87
		100	260.08
		100	260.29
		100	260.50
		100	260.70
		100	260.91
		100	261.10
		100	261.31
		100	261.52
		100	261.73
		100	261.94
		100	262.15
		100	262.36
		100	262.57
		100	262.76
		100	262.97
		100	263.18
		100	263.38
		100	263.59
		100	263.80
		100	264.01
		100	264.20
		100	264.41
		100	264.62
		100	264.83
		100	265.04
		100	265.25
		100	265.45
		100	265.65
		100	265.85
		100	266.06
		100	266.27
		100	266.48
		100	266.69
		100	266.90
		100	267.09
		100	267.30
		100	267.51
		100	267.72
		100	267.93
		100	268.13
		100	268.34
		100	268.53
		100	268.76
		100	268.95
		100	269.18
		100	269.39
		100	269.58
		100	269.79
		100	270.00
		100	270.20
		100	270.41
		100	270.62
		100	270.83
		100	271.02
		100	271.23
		100	271.44
		100	271.65
		100	271.86
		100	272.07
		100	272.28
		100	272.48
		100	272.68
		100	272.88
		100	273.09
		100	273.30
		100	273.51
		100	273.72
		100	273.93
		100	274.12
		100	274.33
		100	274.54
		100	274.75
		100	274.95
		100	275.16
		100	275.37
		100	275.56
		100	275.77
		100	275.98
		100	276.19
		100	276.40
		100	276.61
		100	276.82
		100	277.01
		100	277.22
		100	277.43
		100	277.63
		100	277.84
		100	278.05
		100	278.26
		100	278.45
		100	278.66
		100	278.87
		100	279.08
		100	279.29
		100	279.50
		100	279.71
		100	279.90
		100	280.11
		100	280.31
		100	280.52
		100	280.73
		100	280.94
		100	281.15
		100	281.36
		100	281.55
		100	281.76
		100	281.97
		100	282.18
		100	282.38
		100	282.59
		100	282.80
		100	282.99
		100	283.20
		100	283.41
		100	283.62
		100	283.83
		100	284.04
		100	284.25
		100	284.44
		100	284.65
		100	284.86
		100	285.06
		100	285.27
		100	285.48
		100	285.69
		100	285.88
		100	286.09
		100	286.30
		100	286.51
		100	286.73
		100	286.93
		100	287.13
		100	287.34
		100	287.55
		100	287.76
		100	287.97
		100	288.18
		100	288.37
		100	288.58
		100	288.79
		100	289.00
		100	289.21
		100	289.41
		100	289.62
		100	289.81
		100	290.02
		100	290.23
		100	290.44
		100	290.65
		100	290.86
		100	291.07
		100	291.28
		100	291.47
		100	291.68
		100	291.89
		100	292.09
		100	292.30
		100	292.51
		100	292.72
		100	292.91
		100	293.12
		100	293.33
		100	293.54
		100	293.75
		100	293.96
		100	294.16
		100	294.36
		100	294.56
		100	294.77
		100	294.98
		100	295.19
		100	295.40
		100	295.61
		100	295.80
		100	296.01
		100	296.22
		100	296.43
		100	296.64
		100	296.84
		100	297.05
		100	297.24
		100	297.45
		100	297.66
		100	297.87
		100	298.08
		100	298.29
		100	298.50
		100	298.69
		100	298.90
		100	299.11
		100	299.31
		100	299.52
		100	299.73
		100	299.94
		100	300.15
		100	300.34
		100	300.57
		100	300.76
		100	300.99
		100	301.19
		100	301.39
		100	301.59
		100	301.80
		100	302.01
		100	302.22
		100	302.43
		100	302.64
		100	302.83
		100	303.04
		100	303.25
		100	303.46
		100	303.66
		100	303.87
		100	304.08
		100	304.27
		100	304.48
		100	304.69
		100	304.90
		100	305.11
		100	305.32
		100	305.53
		100	305.72
		100	305.93
		100	306.14
		100	306.34
		100	306.55
		100	306.76
		100	306.97
		100	307.16
		100	307.37
		100	307.60
		100	307.81
		100	308.01
		100	308.21
		100	308.42
		100	308.62
		100	308.83
		100	309.04
		100	309.25
		100	309.46
		100	309.65
		100	309.86
		100	310.07
		100	310.28
		100	310.49
		100	310.69
		100	310.90
		100	311.11
		100	311.30
		100	311.51
		100	311.72
		100	311.93
		100	312.14
		100	312.35
		100	312.56
		100	312.75
		100	312.96
		100	313.17
		100	313.37
		100	313.58
		100	313.79
		100	314.00
		100	314.19
		100	314.40
		100	314.61
		100	314.82
		100	315.03
		100	315.24
		100	315.44
		100	315.64
		100	315.84
		100	316.05
		100	316.26
		100	316.47
		100	316.68
		100	316.89
		100	317.08
		100	317.29
		100	317.50
		100	317.71
		100	317.92
		100	318.12
		100	318.33
		100	318.52
		100	318.73
		100	318.94
		100	319.15
		100	319.36
		100	319.57
		100	319.78
		100	319.99
		100	320.18
		100	320.39
		100	320.60
		100	320.80
		100	321.01
		100	321.22
		100	321.43
		100	321.62
		100	321.83
		100	322.04
		100	322.25
		100	322.46
		100	322.67
		100	322.87
		100	323.07
		100	323.29
		100	323.48
		100	323.71
		100	323.92
		100	324.11
		100	324.32
		100	324.53
		100	324.74
		100	324.95
		100	325.15
		100	325.36
		100	325.55
		100	325.76
		100	325.97
		100	326.18
		100	326.39
		100	326.60
		100	326.81
		100	327.00
		100	327.21
		100	327.42
		100	327.62
		100	327.83
		100	328.04
		100	328.25
		100	328.44
		100	328.65
		100	328.86
		100	329.07
		100	329.28
		100	329.49
		100	329.70
		100	329.90
		100	330.10
		100	330.30
		100	330.51
		100	330.72
		100	330.93
		100	331.14
		100	331.35
		100	331.54
		100	331.75
		100	331.96
		100	332.17
		100	332.37
		100	332.58
		100	332.79
		100	332.98
		100	333.19
		100	333.40
		100	333.61
		100	333.82
		100	334.03
		100	334.24
		100	334.43
		100	334.64
		100	334.85
		100	335.05
		100	335.26
		100	335.47
		100	335.68
		100	335.87
		100	336.08
		100	336.29
		100	336.50
		100	336.71
		100	336.92
		100	337.13
		100	337.32
		100	337.54
		100	337.75
		100	337.96
		100	338.17
		100	338.36
		100	338.57
		100	338.78
		100	338.99
		100	339.20
		100	339.40
		100	339.61
		100	339.82
		100	340.01
		100	340.22
		100	340.43
		100	340.64
		100	340.85
		100	341.06
		100	341.27
		100	341.46
		100	341.67
		100	341.88
		100	342.08
		100	342.29
		100	342.50
		100	342.71
		100	342.90
		100	343.11
		100	343.32
		100	343.53
		100	343.74
		100	343.95
		100	344.15
		100	344.35
		100	344.55
		100	344.76
		100	344.97
		100	345.18
		100	345.39
		100	345.60
		100	345.79
		100	346.00
		100	346.21
		100	346.42
		100	346.63
		100	346.83
		100	347.04
		100	347.23
		100	347.44
		100	347.65
		100	347.86
		100	348.07
		100	348.28
		100	348.49
		100	348.70
		100	348.90
		100	349.11
		100	349.32
		100	349.53
		100	349.74
		100	349.93
		100	350.14
		100	350.35
		100	350.56
		100	350.77
		100	350.98
		100	351.18
		100	351.38
		100	351.58
		100	351.79
		100	352.00
		100	352.21
		100	352.42
		100	352.63
		100	352.82
		100	353.03
		100	353.24
		100	353.45
		100	353.66
		100	353.86
		100	354.07
		100	354.26
		100	354.47
		100	354.68
		100	354.89
		100	355.10
		100	355.31
		100	355.52
		100	355.71
		100	355.92
		100	356.13
		100	356.33
		100	356.54
		100	356.75
		100	356.96
		100	357.15
		100	357.36
		100	357.57
		100	357.78
		100	357.99
		100	358.20
		100	358.41
		100	358.61
		100	358.81
		100	359.01
		100	359.22
		100	359.43
		100	359.64
		100	359.85
		100	360.06
		100	360.25
		100	360.46
		100	360.68
		100	360.89
		100	361.10
		100	361.29
		100	361.50
		100	361.71
		100	361.92
		100	362.13
		100	362.34
		100	362.55
		100	362.74
		100	362.95
		100	363.16
		100	363.36
		100	363.57
		100	363.78
		100	363.99
		100	364.18
		100	364.39
		100	364.60
		100	364.81
		100	365.02
		100	365.23
		100	365.43
		100	365.63
		100	365.83
		100	366.04
		100	366.25
		100	366.46
		100	366.67
		100	366.88
		100	367.07
		100	367.28
		100	367.49
		100	367.70
		100	367.91
		100	368.11
		100	368.32
		100	368.53
		100	368.72
		100	368.93
		100	369.14
		100	369.35
		100	369.56
		100	369.77
		100	369.98
		100	370.17
		100	370.38
		100	370.59
		100	370.79
		100	371.00
		100	371.21
		100	371.42
		100	371.61
		100	371.82
		100	372.03
		100	372.24
		100	372.45
		100	372.66
		100	372.86
		100	373.07
		100	373.28
		100	373.49
		100	373.70
		100	373.91
		100	374.10
		100	374.31
		100	374.52
		100	374.73
		100	374.94
		100	375.14
		100	375.35
		100	375.54
		100	375.75
		100	375.96
		100	376.17
		100	376.38
		100	376.59
		100	376.80
		100	376.99
		100	377.20
		100	377.41
		100	377.61
		100	377.82
		100	378.03
		100	378.24
		100	378.45
		100	378.64
		100	378.85
		100	379.06
		100	379.27
		100	379.48
		100	379.69
		100	379.89
		100	380.10
		100	380.31
		100	380.52
		100	380.73
		100	380.94
		100	381.13
		100	381.34
		100	381.55
		100	381.76
		100	381.96
		100	382.17
		100	382.38
		100	382.57
		100	382.78
		100	382.99
		100	383.20
		100	383.41
		100	383.62
		100	383.83
		100	384.02
		100	384.23
		100	384.44
		100	384.64
		100	384.85
		100	385.06
		100	385.27
		100	385.46
		100	385.67
		100	385.88
		100	386.09
		100	386.30
		100	386.51
		100	386.72
		100	386.91
		100	387.12
		100	387.32
		100	387.53
		100	387.74
		100	387.95
		100	388.16
		100	388.37
		100	388.56
		100	388.77
		100	388.98
		100	389.19
		100	389.39
		100	389.60
		100	389.81
		100	390.00
		100	390.21
		100	390.42
		100	390.65
		100	390.86
		100	391.05
		100	391.26
		100	391.47
		100	391.67
		100	391.88
		100	392.09
		100	392.30
		100	392.49
		100	392.70
		100	392.91
		100	393.12
		100	393.33
		100	393.54
		100	393.74
		100	393.94
		100	394.14
		100	394.35
		100	394.56
		100	394.77
		100	394.98
		100	395.19
		100	395.38
		100	395.59
		100	395.80
		100	396.01
		100	396.22
		100	396.42
		100	396.63
		100	396.82
		100	397.03
		100	397.24
		100	397.45
		100	397.66
		100	397.87
		100	398.08
		100	398.29
		100	398.48
		100	398.69
		100	398.90
		100	399.10
		100	399.31
		100	399.52
		100	399.73
		100	399.94
		100	400.15
		100	400.36
		100	400.57
		100	400.77
		100	400.97
		100	401.17
		100	401.38
		100	401.59
		100	401.80
		100	402.01
		100	402.22
		100	402.41
		100	402.62
		100	402.83
		100	403.04
		100	403.25
		100	403.45
		100	403.66
		100	403.85
		100	404.06
		100	404.27
		100	404.48
		100	404.69
		100	404.90
		100	405.11
		100	405.30
		100	405.51
		100	405.72
		100	405.92
		100	406.13
		100	406.34
		100	406.55
		100	406.74
		100	406.95
		100	407.16
		100	407.37
		100	407.58
		100	407.79
		100	408.00
		100	408.20
		100	408.40
		100	408.60
		100	408.81
		100	409.02
		100	409.25
		100	409.44
		100	409.65
		100	409.86
		100	410.07
		100	410.27
		100	410.48
		100	410.69
		100	410.88
		100	411.09
		100	411.30
		100	411.51
		100	411.72
		100	411.93
		100	412.14
		100	412.33
		100	412.54
		100	412.75
		100	412.95
		100	413.16
		100	413.37
		100	413.58
		100	413.77
		100	413.98
		100	414.19
		100	414.40
		100	414.61
		100	414.82
		100	415.02
		100	415.22
		100	415.43
		100	415.63
		100	415.84
		100	416.05
		100	416.26
		100	416.47
		100	416.66
		100	416.87
		100	417.08
		100	417.29
		100	417.50
		100	417.70
		100	417.91
		100	418.12
		100	418.31
		100	418.52
		100	418.73
		100	418.94
		100	419.15
		100	419.36
		100	419.57
		100	419.77
		100	419.98
		100	420.19
		100	420.40
		100	420.61
		100	420.80
		100	421.01
		100	421.22
		100	421.43
		100	421.64
		100	421.85
		100	422.05
		100	422.25
		100	422.45
		100	422.66
		100	422.87
		100	423.08
		100	423.29
		100	423.50
		100	423.69
		100	423.90
		100	424.11
		100	424.32
		100	424.53
		100	424.73
		100	424.94
		100	425.13
		100	425.34
		100	425.55
		100	425.76
		100	425.97
		100	426.18
		100	426.39
		100	426.58
		100	426.79
		100	427.00
		100	427.20
		100	427.41
		100	427.62
		100	427.83
		100	428.04
		100	428.23
		100	428.44
		100	428.65
		100	428.86
		100	429.07
		100	429.28
		100	429.48
		100	429.68
		100	429.88
		100	430.11
		100	430.32
		100	430.53
		100	430.72
		100	430.93
		100	431.14
		100	431.35
		100	431.55
		100	431.76
		100	431.97
		100	432.16
		100	432.37
		100	432.58
		100	432.79
		100	433.00
		100	433.21
		100	433.42
		100	433.61
		100	433.82
		100	434.03
		100	434.23
		100	434.44
		100	434.65
		100	434.86
		100	435.05
		100	435.26
		100	435.47
		100	435.68
		100	435.89
		100	436.10
		100	436.30
		100	436.50
		100	436.71
		100	436.91
		100	437.12
		100	437.33
		100	437.54
		100	437.75
		100	437.96
		100	438.15
		100	438.36
		100	438.57
		100	438.78
		100	438.98
		100	439.19
		100	439.40
		100	439.59
		100	439.80
		100	440.01
		100	440.22
		100	440.43
		100	440.64
		100	440.85
		100	441.04
		100	441.25
		100	441.46
		100	441.68
		100	441.87
		100	442.08
		100	442.29
		100	442.50
		100	442.71
		100	442.92
		100	443.13
		100	443.33
		100	443.53
		100	443.73
		100	443.94
		100	444.15
		100	444.36
		100	444.57
		100	444.78
		100	444.97
		100	445.18
		100	445.39
		100	445.60
		100	445.81
		100	446.01
		100	446.22
		100	446.41
		100	446.62
		100	446.83
		100	447.04
		100	447.25
		100	447.46
		100	447.67
		100	447.88
		100	448.07
		100	448.28
		100	448.49
		100	448.69
		100	448.90
		100	449.11
		100	449.32
		100	449.51
		100	449.72
		100	449.93
		100	450.14
		100	450.35
		100	450.56
		100	450.76
		100	450.96
		100	451.16
		100	451.37
		100	451.58
		100	451.79
		100	452.00
		100	452.21
		100	452.40
		100	452.61
		100	452.82
		100	453.03
		100	453.24
		100	453.44
		100	453.65
		100	453.84
		100	454.05
		100	454.26
		100	454.49
		100	454.70
		100	454.89
		100	455.10
		100	455.31
		100	455.51
		100	455.72
		100	455.93
		100	456.14
		100	456.33
		100	456.54
		100	456.75
		100	456.96
		100	457.17
		100	457.38
		100	457.59
		100	457.79
		100	457.99
		100	458.19
		100	458.40
		100	458.61
		100	458.82
		100	459.03
		100	459.24
		100	459.43
		100	459.64
		100	459.85
		100	460.06
		100	460.26
		100	460.47
		100	460.68
		100	460.87
		100	461.08
		100	461.29
		100	461.50
		100	461.71
		100	461.92
		100	462.13
		100	462.32
		100	462.53
		100	462.74
		100	462.94
		100	463.15
		100	463.36
		100	463.57
		100	463.76
		100	463.97
		100	464.18
		100	464.39
		100	464.60
		100	464.81
		100	465.02
		100	465.21
		100	465.42
		100	465.62
		100	465.83
		100	466.06
		100	466.25
		100	466.46
		100	466.67
		100	466.88
		100	467.09
		100	467.29
		100	467.50
		100	467.71
		100	467.90
		100	468.11
		100	468.32
		100	468.53
		100	468.74
		100	468.95
		100	469.16
		100	469.35
		100	469.56
		100	469.77
		100	469.97
		100	470.18
		100	470.39
		100	470.60
		100	470.79
		100	471.00
		100	471.21
		100	471.42
		100	471.63
		100	471.84
		100	472.04
		100	472.24
		100	472.44
		100	472.65
		100	472.86
		100	473.07
		100	473.28
		100	473.49
		100	473.68
		100	473.89
		100	474.10
		100	474.31
		100	474.52
		100	474.72
		100	474.93
		100	475.14
		100	475.35
		100	475.56
		100	475.77
		100	475.98
		100	476.17
		100	476.38
		100	476.59
		100	476.79
		100	477.00
		100	477.21
		100	477.42
		100	477.63
		100	477.82
		100	478.03
		100	478.24
		100	478.45
		100	478.66
		100	478.87
		100	479.07
		100	479.27
		100	479.47
		100	479.68
		100	479.89
		100	480.10
		100	480.31
		100	480.52
		100	480.71
		100	480.92
		100	481.13
		100	481.34
		100	481.55
		100	481.75
		100	481.96
		100	482.15
		100	482.36
		100	482.57
		100	482.78
		100	483.01
		100	483.20
		100	483.41
		100	483.62
		100	483.82
		100	484.03
		100	484.24
		100	484.45
		100	484.64
		100	484.85
		100	485.06
		100	485.27
		100	485.48
		100	485.69
		100	485.90
		100	486.09
		100	486.30
		100	486.50
		100	486.71
		100	486.92
		100	487.13
		100	487.34
		100	487.55
		100	487.74
		100	487.95
		100	488.16
		100	488.37
		100	488.57
		100	488.78
		100	488.99
		100	489.18
		100	489.39
		100	489.60
		100	489.81
		100	490.02
		100	490.23
		100	490.44
		100	490.63
		100	490.85
		100	491.06
		100	491.27
		100	491.48
		100	491.67
		100	491.88
		100	492.09
		100	492.30
		100	492.51
		100	492.72
		100	492.92
		100	493.12
		100	493.32
		100	493.53
		100	493.74
		100	493.95
		100	494.16
		100	494.37
		100	494.56
		100	494.77
		100	494.98
		100	495.19
		100	495.40
		100	495.60
		100	495.81
		100	496.00
		100	496.21
		100	496.42
		100	496.63
		100	496.84
		100	497.05
		100	497.26
		100	497.47
		100	497.66
		100	497.87
		100	498.08
		100	498.28
		100	498.49
		100	498.70
		100	498.91
		100	499.10
		100	499.31
		100	499.52
		100	499.73
		100	499.94
		100	500.15
		100	500.35
		100	500.55
		100	500.77
		100	500.96
		100	501.19
		100	501.40
		100	501.59
		100	501.80
		100	502.01
		100	502.22
		100	502.43
		100	502.63
		100	502.84
		100	503.03
		100	503.24
		100	503.45
		100	503.66
		100	503.87
		100	504.08
		100	504.29
		100	504.48
		100	504.69
		100	504.90
		100	505.10
		100	505.31
		100	505.52
		100	505.73
		100	505.92
		100	506.13
		100	506.34
		100	506.55
		100	506.76
		100	506.97
		100	507.18
		100	507.38
		100	507.58
		100	507.78
		100	507.99
		100	508.20
		100	508.41
		100	508.62
		100	508.83
		100	509.02
		100	509.23
		100	509.44
		100	509.65
		100	509.85
		100	510.06
		100	510.27
		100	510.46
		100	510.67
		100	510.88
		100	511.09
		100	511.30
		100	511.51
		100	511.72
		100	511.91
		100	512.13
		100	512.33
		100	512.55
		100	512.76
		100	512.95
		100	513.16
		100	513.37
		100	513.58
		100	513.79
		100	514.00
		100	514.20
		100	514.40
		100	514.60
		100	514.81
		100	515.02
		100	515.23
		100	515.44
		100	515.65
		100	515.84
		100	516.05
		100	516.26
		100	516.47
		100	516.68
		100	516.88
		100	517.09
		100	517.30
		100	517.49
		100	517.70
		100	517.91
		100	518.12
		100	518.33
		100	518.54
		100	518.75
		100	518.94
		100	519.15
		100	519.36
		100	519.56
		100	519.77
		100	519.98
		100	520.19
		100	520.38
		100	520.59
		100	520.80
		100	521.01
		100	521.22
		100	521.43
		100	521.63
		100	521.83
		100	522.03
		100	522.24
		100	522.45
		100	522.66
		100	522.87
		100	523.08
		100	523.27
		100	523.48
		100	523.69
		100	523.90
		100	524.11
		100	524.31
		100	524.52
		100	524.73
		100	524.94
		100	525.15
		100	525.36
		100	525.57
		100	525.76
		100	525.97
		100	526.18
		100	526.38
		100	526.59
		100	526.80
		100	527.01
		100	527.22
		100	527.41
		100	527.62
		100	527.83
		100	528.04
		100	528.25
		100	528.46
		100	528.66
		100	528.86
		100	529.06
		100	529.27
		100	529.48
		100	529.69
		100	529.90
		100	530.11
		100	530.30
		100	530.51
		100	530.72
		100	530.93
		100	531.14
		100	531.34
		100	531.55
		100	531.74
		100	531.95
		100	532.16
		100	532.37
		100	532.58
		100	532.79
		100	533.00
		100	533.19
		100	533.40
		100	533.61
		100	533.81
		100	534.02
		100	534.23
		100	534.44
		100	534.63
		100	534.84
		100	535.05
		100	535.26
		100	535.47
		100	535.68
		100	535.89
		100	536.09
		100	536.30
		100	536.51
		100	536.72
		100	536.93
		100	537.14
		100	537.33
		100	537.54
		100	537.75
		100	537.96
		100	538.16
		100	538.37
		100	538.58
		100	538.77
		100	538.98
		100	539.19
		100	539.40
		100	539.61
		100	539.82
		100	540.03
		100	540.22
		100	540.43
		100	540.64
		100	540.84
		100	541.05
		100	541.26
		100	541.47
		100	541.66
		100	541.87
		100	542.08
		100	542.29
		100	542.50
		100	542.71
		100	542.91
		100	543.11
		100	543.32
		100	543.52
		100	543.73
		100	543.94
		100	544.15
		100	544.36
		100	544.55
		100	544.76
		100	544.97
		100	545.18
		100	545.39
		100	545.59
		100	545.80
		100	546.01
		100	546.22
		100	546.43
		100	546.64
		100	546.85
		100	547.06
		100	547.25
		100	547.46
		100	547.66
		100	547.87
		100	548.08
		100	548.29
		100	548.50
		100	548.69
		100	548.90
		100	549.11
		100	549.32
		100	549.53
		100	549.74
		100	549.94
		100	550.14
		100	550.34
		100	550.55
		100	550.76
		100	550.97
		100	551.18
		100	551.39
		100	551.58
		100	551.79
		100	552.00
		100	552.21
		100	552.42
		100	552.62
		100	552.83
		100	553.02
		100	553.23
		100	553.44
		100	553.65
		100	553.86
		100	554.07
		100	554.28
		100	554.47
		100	554.68
		100	554.89
		100	555.09
		100	555.30
		100	555.51
		100	555.72
		100	555.93
		100	556.14
		100	556.35
		100	556.56
		100	556.77
		100	556.97
		100	557.17
		100	557.37
		100	557.58
		100	557.79
		100	558.00
		100	558.21
		100	558.42
		100	558.61
		100	558.82
		100	559.03
		100	559.24
		100	559.44
		100	559.65
		100	559.86
		100	560.05
		100	560.26
		100	560.47
		100	560.68
		100	560.89
		100	561.10
		100	561.31
		100	561.50
		100	561.71
		100	561.92
		100	562.12
		100	562.33
		100	562.54
		100	562.75
		100	562.94
		100	563.15
		100	563.36
		100	563.57
		100	563.78
		100	563.99
		100	564.20
		100	564.39
		100	564.60
		100	564.80
		100	565.01
		100	565.22
		100	565.43
		100	565.64
		100	565.85
		100	566.04
		100	566.25
		100	566.47
		100	566.67
		100	566.89
		100	567.08
		100	567.29
		100	567.50
		100	567.71
		100	567.92
		100	568.13
		100	568.34
		100	568.53
		100	568.74
		100	568.95
		100	569.15
		100	569.36
		100	569.57
		100	569.78
		100	569.97
